  49163. 49163. 49163. 49162. 49162. 49162. 49162. 49162. 49162. 49162.
  49162. 49162. 49162. 49162. 49162. 49162. 49163. 49163. 49163. 49163.
  47958. 48108. 48361. 48693. 49069. 49452. 49801. 50081. 50266. 50338.
  50293. 50136. 49884. 49561. 49197. 48826. 48484. 48202. 48009. 47924.
  46690. 46983. 47489. 48160. 48925. 49701. 50403. 50959. 51316. 51444.
  51340. 51020. 50519. 49882. 49167. 48438. 47761. 47200. 46810. 46633.
  45370. 45799. 46556. 47571. 48736. 49915. 50974. 51796. 52306. 52470.
  52293. 51806. 51060. 50121. 49067. 47991. 46989. 46155. 45571. 45296.
  44008. 44566. 45571. 46935. 48509. 50100. 51514. 52591. 53233. 53410.
  53144. 52486. 51503. 50273. 48893. 47481. 46165. 45068. 44295. 43925.
  42618. 43297. 44545. 46261. 48252. 50261. 52026. 53341. 54091. 54257.
  53887. 53055. 51842. 50335. 48643. 46906. 45286. 43939. 42989. 42527.
  41210. 42003. 43488. 45557. 47970. 50400. 52511. 54044. 54875. 55005.
  54515. 53509. 52077. 50308. 48315. 46263. 44352. 42770. 41658. 41113.
  39796. 40694. 42410. 44830. 47669. 50520. 52966. 54697. 55580. 55649.
  55025. 53844. 52206. 50190. 47910. 45553. 43364. 41564. 40310. 39693.
  38387. 39383. 41321. 44089. 47353. 50622. 53389. 55294. 56201. 56184.
  55414. 54061. 52229. 49984. 47430. 44779. 42323. 40326. 38951. 38278.
  36996. 38080. 40230. 43340. 47027. 50705. 53778. 55830. 56734. 56609.
  55682. 54158. 52149. 49693. 46879. 43944. 41235. 39062. 37591. 36878.
  35633. 36796. 39144. 42589. 46691. 50769. 54128. 56301. 57175. 56922.
  55828. 54140. 51968. 49320. 46263. 43054. 40106. 37779. 36238. 35504.
  34309. 35539. 38072. 41841. 46349. 50811. 54434. 56702. 57521. 57123.
  55858. 54010. 51690. 48872. 45587. 42117. 38943. 36486. 34903. 34167.
  33035. 34318. 37021. 41101. 46002. 50830. 54692. 57028. 57771. 57216.
  55775. 53772. 51322. 48353. 44859. 41141. 37757. 35193. 33597. 32878.
  31822. 33144. 35995. 40371. 45649. 50822. 54897. 57275. 57923. 57204.
  55585. 53434. 50868. 47770. 44086. 40136. 36558. 33910. 32329. 31647.
  30678. 32022. 35001. 39655. 45291. 50785. 55045. 57440. 57978. 57090.
  55296. 53003. 50335. 47128. 43277. 39112. 35357. 32649. 31110. 30485.
  29614. 30961. 34043. 38954. 44928. 50716. 55134. 57521. 57940. 56883.
  54916. 52487. 49731. 46436. 42438. 38079. 34165. 31419. 29950. 29401.
  28635. 29968. 33125. 38271. 44559. 50615. 55160. 57519. 57809. 56587.
  54454. 51895. 49062. 45697. 41578. 37048. 32994. 30232. 28858. 28403.
  27749. 29049. 32252. 37607. 44185. 50478. 55121. 57432. 57592. 56210.
  53918. 51235. 48336. 44919. 40704. 36027. 31854. 29097. 27840. 27495.
  26960. 28210. 31427. 36965. 43805. 50305. 55019. 57262. 57291. 55761.
  53318. 50518. 47560. 44107. 39821. 35027. 30756. 28023. 26903. 26682.
  26273. 27457. 30656. 36345. 43419. 50097. 54851. 57012. 56912. 55245.
  52662. 49751. 46741. 43266. 38935. 34053. 29708. 27017. 26051. 25965.
  25687. 26794. 29943. 35751. 43028. 49852. 54620. 56685. 56460. 54670.
  51957. 48942. 45886. 42401. 38050. 33113. 28718. 26085. 25286. 25344.
  25202. 26226. 29291. 35183. 42633. 49572. 54327. 56283. 55940. 54041.
  51211. 48098. 45001. 41517. 37171. 32212. 27792. 25231. 24606. 24816.
  24815. 25756. 28707. 34646. 42234. 49256. 53973. 55809. 55357. 53363.
  50429. 47227. 44092. 40617. 36301. 31353. 26933. 24457. 24011. 24375.
  24522. 25386. 28194. 34140. 41832. 48906. 53560. 55268. 54715. 52641.
  49616. 46333. 43164. 39705. 35442. 30539. 26146. 23765. 23496. 24015.
  24317. 25114. 27757. 33669. 41428. 48523. 53090. 54662. 54018. 51878.
  48774. 45420. 42222. 38786. 34597. 29772. 25432. 23153. 23057. 23727.
  24191. 24940. 27398. 33234. 41022. 48107. 52565. 53995. 53268. 51075.
  47907. 44494. 41272. 37864. 33769. 29052. 24790. 22620. 22686. 23505.
  24137. 24860. 27120. 32838. 40615. 47658. 51986. 53270. 52468. 50234.
  47015. 43556. 40316. 36943. 32961. 28381. 24221. 22162. 22378. 23338.
  24146. 24868. 26921. 32481. 40207. 47178. 51356. 52488. 51620. 49355.
  46100. 42609. 39360. 36029. 32176. 27759. 23724. 21777. 22126. 23219.
  24207. 24954. 26800. 32163. 39797. 46665. 50675. 51654. 50727. 48441.
  45163. 41655. 38408. 35126. 31417. 27187. 23296. 21461. 21924. 23141.
  24312. 25109. 26753. 31884. 39386. 46121. 49947. 50770. 49789. 47490.
  44204. 40697. 37463. 34240. 30689. 26664. 22938. 21210. 21767. 23097.
  24450. 25321. 26772. 31640. 38972. 45546. 49172. 49839. 48809. 46506.
  43226. 39738. 36531. 33377. 29996. 26194. 22647. 21021. 21649. 23081.
  24614. 25577. 26849. 31429. 38554. 44939. 48353. 48865. 47791. 45489.
  42230. 38779. 35615. 32544. 29343. 25778. 22424. 20891. 21567. 23090.
  24794. 25862. 26974. 31247. 38131. 44303. 47494. 47853. 46738. 44443.
  41219. 37825. 34722. 31747. 28737. 25418. 22269. 20818. 21518. 23119.
  24983. 26164. 27134. 31089. 37702. 43637. 46598. 46808. 45655. 43373.
  40199. 36880. 33857. 30994. 28183. 25119. 22182. 20801. 21501. 23165.
  25172. 26469. 27318. 30951. 37267. 42946. 45672. 45738. 44547. 42283.
  39173. 35949. 33026. 30292. 27687. 24885. 22164. 20840. 21514. 23226.
  25357. 26764. 27513. 30826. 36826. 42231. 44720. 44648. 43423. 41181.
  38150. 35040. 32237. 29647. 27257. 24720. 22217. 20935. 21557. 23301.
  25532. 27039. 27709. 30712. 36380. 41497. 43752. 43550. 42290. 40074.
  37136. 34160. 31495. 29068. 26899. 24630. 22344. 21086. 21632. 23388.
  25693. 27286. 27897. 30605. 35932. 40751. 42775. 42451. 41158. 38973.
  36142. 33317. 30809. 28562. 26619. 24618. 22545. 21294. 21737. 23486.
  25837. 27499. 28070. 30504. 35484. 39999. 41799. 41365. 40038. 37887.
  35177. 32520. 30187. 28134. 26423. 24690. 22823. 21561. 21877. 23595.
  25964. 27675. 28224. 30408. 35044. 39251. 40838. 40301. 38940. 36828.
  34251. 31777. 29635. 27791. 26316. 24848. 23177. 21887. 22051. 23714.
  26075. 27814. 28357. 30322. 34617. 38518. 39903. 39275. 37878. 35806.
  33375. 31098. 29161. 27539. 26304. 25096. 23607. 22273. 22263. 23845.
  26172. 27921. 28473. 30248. 34212. 37811. 39008. 38298. 36863. 34834.
  32559. 30491. 28770. 27382. 26389. 25435. 24112. 22719. 22515. 23989.
  26262. 28001. 28578. 30195. 33841. 37144. 38169. 37384. 35908. 33922.
  31812. 29964. 28468. 27322. 26573. 25865. 24691. 23224. 22809. 24150.
  26351. 28066. 28678. 30170. 33515. 36531. 37399. 36548. 35026. 33081.
  31144. 29521. 28258. 27362. 26858. 26385. 25340. 23788. 23149. 24331.
  26447. 28127. 28786. 30183. 33245. 35987. 36715. 35802. 34227. 32320.
  30559. 29168. 28142. 27501. 27243. 26992. 26056. 24407. 23535. 24538.
  26562. 28198. 28913. 30245. 33045. 35528. 36130. 35159. 33522. 31649.
  30064. 28905. 28120. 27738. 27724. 27682. 26834. 25080. 23971. 24776.
  26706. 28293. 29072. 30366. 32927. 35167. 35659. 34630. 32922. 31074.
  29662. 28734. 28190. 28070. 28299. 28450. 27668. 25803. 24458. 25052.
  26889. 28427. 29277. 30555. 32901. 34917. 35312. 34224. 32433. 30599.
  29354. 28653. 28351. 28493. 28961. 29290. 28555. 26572. 24996. 25372.
  27122. 28613. 29537. 30818. 32975. 34787. 35100. 33949. 32063. 30230.
  29139. 28658. 28596. 29001. 29705. 30196. 29488. 27384. 25586. 25744.
  27414. 28862. 29861. 31161. 33154. 34787. 35027. 33810. 31814. 29967.
  29016. 28744. 28921. 29588. 30523. 31161. 30461. 28233. 26228. 26171.
  27772. 29181. 30256. 31585. 33440. 34918. 35097. 33808. 31689. 29811.
  28981. 28908. 29321. 30247. 31407. 32176. 31469. 29116. 26918. 26659.
  28199. 29575. 30723. 32087. 33831. 35181. 35309. 33942. 31687. 29760.
  29030. 29144. 29789. 30970. 32348. 33234. 32507. 30029. 27655. 27207.
  28695. 30044. 31261. 32665. 34323. 35572. 35658. 34208. 31807. 29812.
  29160. 29446. 30319. 31750. 33338. 34328. 33569. 30966. 28435. 27817.
  29259. 30584. 31864. 33309. 34907. 36083. 36137. 34599. 32042. 29963.
  29366. 29810. 30905. 32580. 34368. 35450. 34649. 31925. 29254. 28485.
  29885. 31189. 32526. 34011. 35572. 36703. 36733. 35107. 32389. 30210.
  29644. 30231. 31544. 33453. 35430. 36591. 35742. 32901. 30108. 29207.
  30567. 31851. 33237. 34761. 36307. 37420. 37436. 35719. 32838. 30548.
  29993. 30708. 32230. 34364. 36516. 37744. 36842. 33890. 30991. 29975.
  31294. 32558. 33987. 35547. 37098. 38219. 38229. 36423. 33381. 30972.
  30407. 31237. 32960. 35306. 37620. 38902. 37944. 34888. 31897. 30783.
  32057. 33301. 34763. 36357. 37932. 39083. 39097. 37206. 34010. 31476.
  30886. 31817. 33730. 36274. 38733. 40058. 39041. 35891. 32821. 31622.
  32847. 34067. 35555. 37180. 38796. 39999. 40024. 38055. 34713. 32055.
  31426. 32446. 34538. 37265. 39850. 41204. 40129. 36894. 33758. 32483.
  33652. 34845. 36351. 38008. 39677. 40949. 40994. 38955. 35482. 32703.
  32027. 33123. 35381. 38273. 40965. 42334. 41200. 37893. 34702. 33359.
  34464. 35626. 37144. 38829. 40565. 41920. 41992. 39893. 36307. 33415.
  32686. 33846. 36255. 39293. 42070. 43440. 42249. 38883. 35648. 34240.
  35274. 36400. 37923. 39638. 41449. 42897. 43002. 40857. 37177. 34186.
  33400. 34614. 37158. 40320. 43160. 44514. 43269. 39859. 36589. 35120.
  36076. 37161. 38682. 40426. 42320. 43868. 44012. 41834. 38083. 35008.
  34166. 35424. 38085. 41349. 44227. 45551. 44253. 40815. 37521. 35993.
  36862. 37902. 39416. 41191. 43171. 44822. 45008. 42813. 39017. 35875.
  34982. 36272. 39031. 42373. 45264. 46542. 45195. 41744. 38437. 36853.
  37630. 38618. 40120. 41927. 43995. 45748. 45980. 43783. 39968. 36781.
  35842. 37156. 39991. 43385. 46265. 47480. 46087. 42641. 39333. 37694.
  38374. 39306. 40792. 42632. 44787. 46637. 46916. 44735. 40928. 37719.
  36741. 38068. 40956. 44376. 47220. 48359. 46924. 43500. 40204. 38513.
  39092. 39963. 41431. 43304. 45543. 47480. 47808. 45660. 41888. 38681.
  37673. 39002. 41920. 45338. 48122. 49171. 47698. 44313. 41042. 39306.
  39783. 40590. 42036. 43942. 46257. 48272. 48647. 46549. 42841. 39659.
  38631. 39951. 42873. 46262. 48961. 49909. 48405. 45075. 41845. 40070.
  40444. 41186. 42608. 44546. 46928. 49005. 49425. 47395. 43777. 40645.
  39606. 40906. 43805. 47136. 49729. 50567. 49038. 45781. 42606. 40801.
  41075. 41752. 43149. 45115. 47551. 49674. 50136. 48190. 44689. 41630.
  40591. 41858. 44707. 47951. 50419. 51141. 49595. 46426. 43321. 41498.
  41676. 42289. 43660. 45650. 48124. 50274. 50775. 48927. 45568. 42606.
  41576. 42798. 45569. 48698. 51023. 51625. 50072. 47005. 43986. 42158.
  42248. 42800. 44145. 46150. 48645. 50803. 51336. 49600. 46407. 43563.
  42552. 43716. 46381. 49369. 51534. 52018. 50466. 47516. 44599. 42779.
  42790. 43287. 44604. 46616. 49112. 51255. 51816. 50204. 47197. 44492.
  43508. 44602. 47135. 49956. 51950. 52316. 50778. 47957. 45157. 43361.
  43306. 43753. 45042. 47048. 49522. 51631. 52212. 50734. 47932. 45385.
  44435. 45447. 47823. 50454. 52266. 52520. 51008. 48328. 45660. 43905.
  43796. 44201. 45459. 47445. 49874. 51927. 52523. 51187. 48605. 46232.
  45323. 46244. 48440. 50860. 52484. 52633. 51159. 48632. 46107. 44409.
  44264. 44634. 45858. 47807. 50167. 52144. 52747. 51558. 49209. 47025.
  46164. 46984. 48981. 51174. 52604. 52659. 51236. 48870. 46502. 44877.
  44711. 45054. 46240. 48135. 50401. 52284. 52886. 51847. 49740. 47755.
  46948. 47661. 49445. 51397. 52633. 52603. 51243. 49048. 46848. 45311.
  45141. 45464. 46606. 48428. 50577. 52348. 52942. 52054. 50194. 48417.
  47668. 48270. 49830. 51533. 52578. 52475. 51190. 49173. 47148. 45714.
  45558. 45865. 46957. 48685. 50696. 52340. 52920. 52179. 50568. 49003.
  48317. 48808. 50138. 51589. 52447. 52284. 51084. 49250. 47410. 46091.
  45964. 46260. 47292. 48908. 50761. 52266. 52825. 52227. 50861. 49509.
  48890. 49272. 50373. 51575. 52255. 52043. 50937. 49291. 47640. 46447.
  46362. 46649. 47611. 49097. 50777. 52133. 52664. 52203. 51074. 49931.
  49383. 49661. 50540. 51501. 52013. 51765. 50761. 49304. 47846. 46787.
  46755. 47032. 47915. 49255. 50748. 51949. 52447. 52112. 51208. 50268.
  49791. 49976. 50646. 51379. 51738. 51465. 50567. 49299. 48035. 47116.
  47144. 47408. 48202. 49383. 50681. 51725. 52185. 51962. 51268. 50520.
  50115. 50218. 50697. 51222. 51444. 51157. 50370. 49287. 48215. 47439.
  47531. 47778. 48472. 49486. 50585. 51471. 51889. 51764. 51258. 50687.
  50353. 50389. 50701. 51042. 51147. 50857. 50180. 49279. 48395. 47759.
  47913. 48138. 48726. 49567. 50470. 51201. 51572. 51529. 51186. 50773.
  50508. 50492. 50665. 50851. 50861. 50579. 50012. 49284. 48579. 48079.
  48291. 48487. 48964. 49633. 50344. 50927. 51247. 51266. 51060. 50783.
  50583. 50532. 50596. 50661. 50599. 50335. 49876. 49311. 48774. 48401.
  48660. 48821. 49187. 49689. 50220. 50662. 50928. 50988. 50889. 50723.
  50582. 50514. 50501. 50479. 50373. 50138. 49782. 49366. 48982. 48723.
  49016. 49138. 49396. 49742. 50107. 50421. 50627. 50707. 50682. 50600.
  50511. 50441. 50385. 50314. 50191. 49996. 49738. 49456. 49204. 49043.
  49353. 49434. 49591. 49798. 50018. 50214. 50356. 50433. 50450. 50424.
  50376. 50318. 50252. 50169. 50058. 49915. 49750. 49582. 49441. 49358.
  49665. 49705. 49774. 49864. 49961. 50052. 50126. 50177. 50201. 50203.
  50185. 50151. 50105. 50046. 49976. 49898. 49819. 49746. 49690. 49661.
  49945. 49945. 49945. 49945. 49945. 49945. 49945. 49945. 49945. 49945.
  49945. 49945. 49945. 49945. 49945. 49945. 49945. 49945. 49945. 49945.
  -74.12 -74.12 -74.12 -74.12 -74.12 -74.12 -74.12 -74.12 -74.12 -74.12
  -74.12 -74.12 -74.12 -74.12 -74.12 -74.12 -74.12 -74.12 -74.12 -74.12
  -72.88 -73.07 -73.36 -73.73 -74.14 -74.55 -74.93 -75.23 -75.41 -75.46
  -75.37 -75.15 -74.82 -74.44 -74.02 -73.62 -73.27 -73.01 -72.85 -72.80
  -71.65 -72.01 -72.56 -73.26 -74.07 -74.91 -75.69 -76.31 -76.70 -76.80
  -76.59 -76.12 -75.44 -74.65 -73.82 -73.03 -72.37 -71.87 -71.58 -71.50
  -70.44 -70.94 -71.72 -72.74 -73.94 -75.21 -76.42 -77.39 -78.00 -78.13
  -77.78 -77.02 -75.97 -74.75 -73.51 -72.36 -71.40 -70.71 -70.31 -70.22
  -69.26 -69.89 -70.87 -72.18 -73.75 -75.46 -77.11 -78.47 -79.30 -79.45
  -78.91 -77.82 -76.37 -74.74 -73.10 -71.60 -70.38 -69.52 -69.06 -68.98
  -68.12 -68.86 -70.02 -71.59 -73.53 -75.67 -77.78 -79.54 -80.61 -80.74
  -79.95 -78.49 -76.64 -74.61 -72.59 -70.75 -69.29 -68.30 -67.81 -67.77
  -67.04 -67.87 -69.17 -70.99 -73.27 -75.84 -78.42 -80.62 -81.93 -81.98
  -80.85 -79.00 -76.77 -74.37 -71.98 -69.82 -68.14 -67.06 -66.58 -66.61
  -66.02 -66.93 -68.35 -70.38 -72.99 -75.99 -79.04 -81.69 -83.26 -83.13
  -81.58 -79.33 -76.75 -74.01 -71.28 -68.82 -66.93 -65.79 -65.37 -65.50
  -65.07 -66.04 -67.55 -69.78 -72.71 -76.11 -79.63 -82.75 -84.58 -84.13
  -82.07 -79.44 -76.57 -73.54 -70.50 -67.75 -65.67 -64.49 -64.18 -64.45
  -64.21 -65.22 -66.80 -69.19 -72.42 -76.21 -80.18 -83.80 -85.90 -84.90
  -82.28 -79.33 -76.24 -72.97 -69.65 -66.61 -64.35 -63.18 -63.02 -63.48
  -63.44 -64.48 -66.08 -68.62 -72.12 -76.28 -80.68 -84.80 -87.19 -85.32
  -82.19 -79.01 -75.77 -72.32 -68.74 -65.43 -62.99 -61.85 -61.90 -62.59
  -62.78 -63.81 -65.42 -68.08 -71.83 -76.33 -81.12 -85.71 -88.36 -85.30
  -81.80 -78.49 -75.16 -71.59 -67.78 -64.20 -61.60 -60.51 -60.82 -61.78
  -62.22 -63.24 -64.81 -67.55 -71.54 -76.35 -81.46 -86.43 -88.91 -84.84
  -81.17 -77.79 -74.44 -70.78 -66.78 -62.94 -60.17 -59.17 -59.79 -61.07
  -61.79 -62.77 -64.25 -67.06 -71.26 -76.34 -81.70 -86.81 -88.13 -84.06
  -80.34 -76.95 -73.61 -69.90 -65.74 -61.66 -58.72 -57.83 -58.81 -60.46
  -61.47 -62.40 -63.76 -66.59 -70.97 -76.28 -81.80 -86.71 -86.90 -83.06
  -79.36 -75.99 -72.68 -68.97 -64.67 -60.35 -57.25 -56.50 -57.88 -59.95
  -61.28 -62.14 -63.33 -66.15 -70.68 -76.18 -81.75 -86.14 -85.57 -81.94
  -78.28 -74.93 -71.67 -67.97 -63.57 -59.03 -55.77 -55.17 -57.02 -59.55
  -61.21 -61.99 -62.97 -65.73 -70.39 -76.02 -81.54 -85.25 -84.21 -80.73
  -77.12 -73.79 -70.58 -66.91 -62.44 -57.70 -54.28 -53.86 -56.20 -59.23
  -61.24 -61.95 -62.68 -65.35 -70.08 -75.79 -81.17 -84.17 -82.83 -79.47
  -75.90 -72.59 -69.41 -65.78 -61.27 -56.35 -52.79 -52.56 -55.44 -59.00
  -61.38 -62.02 -62.46 -64.98 -69.76 -75.50 -80.64 -82.98 -81.44 -78.17
  -74.62 -71.32 -68.17 -64.59 -60.06 -54.99 -51.29 -51.26 -54.71 -58.83
  -61.59 -62.18 -62.31 -64.63 -69.42 -75.14 -79.96 -81.71 -80.03 -76.84
  -73.31 -69.99 -66.87 -63.33 -58.80 -53.61 -49.77 -49.97 -54.02 -58.71
  -61.85 -62.44 -62.23 -64.31 -69.06 -74.69 -79.15 -80.37 -78.60 -75.48
  -71.96 -68.61 -65.49 -62.00 -57.49 -52.20 -48.23 -48.67 -53.33 -58.61
  -62.14 -62.77 -62.20 -63.99 -68.66 -74.17 -78.21 -78.99 -77.14 -74.08
  -70.56 -67.18 -64.04 -60.58 -56.12 -50.74 -46.66 -47.35 -52.64 -58.51
  -62.43 -63.15 -62.23 -63.68 -68.21 -73.55 -77.18 -77.55 -75.66 -72.65
  -69.11 -65.69 -62.52 -59.08 -54.67 -49.23 -45.05 -46.00 -51.92 -58.38
  -62.68 -63.56 -62.30 -63.37 -67.72 -72.84 -76.04 -76.07 -74.14 -71.17
  -67.62 -64.13 -60.93 -57.49 -53.13 -47.65 -43.37 -44.60 -51.15 -58.19
  -62.87 -63.96 -62.39 -63.04 -67.17 -72.03 -74.80 -74.53 -72.58 -69.64
  -66.05 -62.51 -59.24 -55.80 -51.49 -45.98 -41.61 -43.12 -50.32 -57.93
  -62.97 -64.32 -62.48 -62.69 -66.55 -71.12 -73.47 -72.93 -70.97 -68.05
  -64.42 -60.80 -57.47 -54.00 -49.74 -44.20 -39.75 -41.55 -49.40 -57.57
  -62.96 -64.60 -62.54 -62.28 -65.84 -70.10 -72.05 -71.27 -69.29 -66.39
  -62.71 -59.01 -55.60 -52.10 -47.88 -42.30 -37.76 -39.88 -48.38 -57.10
  -62.82 -64.76 -62.53 -61.81 -65.03 -68.96 -70.53 -69.54 -67.55 -64.65
  -60.90 -57.13 -53.63 -50.08 -45.89 -40.27 -35.64 -38.07 -47.24 -56.52
  -62.52 -64.78 -62.42 -61.25 -64.11 -67.71 -68.91 -67.73 -65.74 -62.82
  -59.00 -55.13 -51.55 -47.94 -43.76 -38.07 -33.37 -36.13 -45.97 -55.81
  -62.06 -64.61 -62.17 -60.56 -63.06 -66.32 -67.18 -65.84 -63.84 -60.90
  -56.98 -53.02 -49.35 -45.67 -41.49 -35.72 -30.92 -34.03 -44.57 -54.97
  -61.42 -64.23 -61.73 -59.72 -61.87 -64.80 -65.35 -63.85 -61.84 -58.87
  -54.84 -50.78 -47.02 -43.27 -39.07 -33.18 -28.30 -31.76 -43.02 -53.98
  -60.60 -63.61 -61.08 -58.71 -60.51 -63.14 -63.40 -61.77 -59.75 -56.72
  -52.57 -48.39 -44.56 -40.73 -36.49 -30.47 -25.49 -29.33 -41.32 -52.85
  -59.57 -62.73 -60.18 -57.50 -58.98 -61.33 -61.32 -59.58 -57.56 -54.46
  -50.16 -45.87 -41.95 -38.05 -33.76 -27.57 -22.51 -26.73 -39.46 -51.58
  -58.34 -61.59 -59.01 -56.06 -57.26 -59.36 -59.12 -57.28 -55.25 -52.07
  -47.60 -43.18 -39.19 -35.22 -30.87 -24.49 -19.35 -23.96 -37.44 -50.15
  -56.90 -60.16 -57.54 -54.38 -55.34 -57.22 -56.77 -54.85 -52.82 -49.55
  -44.89 -40.33 -36.27 -32.25 -27.82 -21.24 -16.03 -21.03 -35.25 -48.55
  -55.23 -58.44 -55.78 -52.44 -53.21 -54.91 -54.28 -52.29 -50.27 -46.90
  -42.02 -37.31 -33.20 -29.13 -24.62 -17.83 -12.57 -17.95 -32.90 -46.79
  -53.33 -56.43 -53.72 -50.23 -50.85 -52.41 -51.63 -49.60 -47.58 -44.10
  -38.99 -34.12 -29.96 -25.86 -21.27 -14.28  -8.99 -14.74 -30.39 -44.84
  -51.18 -54.13 -51.35 -47.74 -48.27 -49.72 -48.82 -46.76 -44.76 -41.17
  -35.80 -30.76 -26.57 -22.44 -17.77 -10.59  -5.33 -11.41 -27.71 -42.71
  -48.78 -51.53 -48.68 -44.97 -45.44 -46.83 -45.83 -43.77 -41.80 -38.08
  -32.45 -27.23 -23.02 -18.89 -14.15  -6.81  -1.60  -7.99 -24.87 -40.37
  -46.12 -48.64 -45.70 -41.93 -42.37 -43.74 -42.67 -40.62 -38.70 -34.86
  -28.94 -23.54 -19.33 -15.21 -10.42  -2.96   2.16  -4.50 -21.87 -37.82
  -43.21 -45.46 -42.44 -38.61 -39.06 -40.43 -39.31 -37.31 -35.45 -31.50
  -25.29 -19.72 -15.51 -11.43  -6.60   0.93   5.93  -0.96 -18.73 -35.05
  -40.02 -42.01 -38.90 -35.02 -35.50 -36.90 -35.77 -33.83 -32.05 -28.00
  -21.51 -15.76 -11.59  -7.55  -2.71   4.84   9.66   2.60 -15.45 -32.05
  -36.58 -38.27 -35.09 -31.18 -31.71 -33.15 -32.03 -30.18 -28.51 -24.38
  -17.62 -11.71  -7.58  -3.61   1.23   8.72  13.33   6.15 -12.05 -28.83
  -32.87 -34.28 -31.02 -27.11 -27.68 -29.19 -28.10 -26.37 -24.84 -20.65
  -13.63  -7.59  -3.52   0.37   5.18  12.57  16.93   9.67  -8.54 -25.39
  -28.92 -30.04 -26.73 -22.83 -23.45 -25.03 -24.00 -22.41 -21.03 -16.81
   -9.58  -3.44   0.57   4.37   9.12  16.34  20.43  13.15  -4.94 -21.73
  -24.75 -25.57 -22.22 -18.36 -19.03 -20.68 -19.72 -18.29 -17.11 -12.90
   -5.50   0.72   4.64   8.34  13.02  20.02  23.82  16.56  -1.27 -17.86
  -20.36 -20.91 -17.55 -13.74 -14.45 -16.17 -15.29 -14.05 -13.08  -8.94
   -1.41   4.85   8.67  12.27  16.85  23.60  27.08  19.88   2.44 -13.82
  -15.80 -16.10 -12.74  -9.02  -9.75 -11.52 -10.74  -9.71  -8.97  -4.94
    2.64   8.90  12.63  16.12  20.60  27.05  30.21  23.11   6.18  -9.62
  -11.10 -11.16  -7.84  -4.23  -4.97  -6.76  -6.10  -5.29  -4.81  -0.93
    6.63  12.85  16.48  19.88  24.25  30.38  33.21  26.23   9.91  -5.31
   -6.31  -6.15  -2.89   0.58  -0.16  -1.95  -1.41  -0.82  -0.62   3.05
   10.53  16.67  20.20  23.52  27.77  33.57  36.08  29.24  13.62  -0.91
   -1.47  -1.13   2.05   5.36   4.65   2.88   3.30   3.65   3.57   6.99
   14.31  20.34  23.78  27.02  31.16  36.63  38.82  32.14  17.27   3.53
    3.37   3.87   6.94  10.08   9.40   7.67   7.98   8.09   7.73  10.85
   17.94  23.83  27.19  30.38  34.41  39.55  41.43  34.92  20.86   7.97
    8.16   8.80  11.73  14.68  14.06  12.40  12.59  12.48  11.83  14.62
   21.42  27.14  30.44  33.58  37.52  42.33  43.92  37.59  24.36  12.37
   12.87  13.60  16.40  19.15  18.59  17.02  17.10  16.77  15.84  18.28
   24.73  30.26  33.51  36.63  40.48  44.99  46.29  40.14  27.76  16.69
   17.44  18.25  20.90  23.45  22.96  21.49  21.47  20.93  19.74  21.80
   27.87  33.20  36.41  39.52  43.30  47.53  48.56  42.59  31.05  20.89
   21.86  22.71  25.21  27.56  27.15  25.80  25.69  24.96  23.52  25.20
   30.84  35.94  39.13  42.25  45.97  49.95  50.72  44.93  34.21  24.95
   26.09  26.97  29.32  31.47  31.14  29.92  29.73  28.82  27.15  28.45
   33.64  38.51  41.69  44.84  48.52  52.26  52.79  47.18  37.25  28.86
   30.11  31.01  33.21  35.18  34.93  33.85  33.59  32.51  30.63  31.55
   36.28  40.92  44.10  47.28  50.93  54.46  54.78  49.34  40.15  32.58
   33.93  34.83  36.88  38.68  38.51  37.57  37.26  36.03  33.96  34.51
   38.76  43.17  46.36  49.60  53.23  56.57  56.69  51.41  42.93  36.12
   37.54  38.42  40.33  41.98  41.89  41.09  40.74  39.37  37.12  37.32
   41.11  45.29  48.50  51.79  55.41  58.59  58.53  53.40  45.58  39.47
   40.92  41.79  43.57  45.08  45.08  44.42  44.03  42.53  40.13  40.01
   43.34  47.28  50.52  53.88  57.50  60.53  60.30  55.32  48.10  42.63
   44.10  44.94  46.61  47.99  48.07  47.55  47.13  45.53  42.99  42.57
   45.46  49.18  52.44  55.86  59.49  62.40  62.01  57.17  50.51  45.61
   47.08  47.89  49.44  50.72  50.88  50.51  50.07  48.36  45.71  45.01
   47.49  50.98  54.27  57.76  61.41  64.19  63.67  58.96  52.80  48.41
   49.87  50.64  52.09  53.27  53.52  53.29  52.84  51.04  48.29  47.34
   49.44  52.72  56.03  59.59  63.25  65.93  65.27  60.70  54.99  51.04
   52.47  53.21  54.56  55.66  56.00  55.91  55.45  53.57  50.74  49.58
   51.32  54.40  57.72  61.35  65.02  67.60  66.83  62.38  57.07  53.51
   54.90  55.60  56.86  57.90  58.32  58.37  57.92  55.98  53.08  51.73
   53.14  56.04  59.37  63.05  66.74  69.23  68.34  64.01  59.06  55.83
   57.17  57.84  59.01  60.00  60.51  60.70  60.26  58.25  55.31  53.80
   54.92  57.64  60.97  64.70  68.40  70.80  69.81  65.59  60.96  58.01
   59.30  59.91  61.01  61.96  62.58  62.89  62.47  60.42  57.44  55.80
   56.67  59.22  62.55  66.32  70.01  72.32  71.23  67.12  62.78  60.07
   61.29  61.85  62.88  63.81  64.52  64.97  64.56  62.48  59.48  57.74
   58.39  60.78  64.09  67.89  71.58  73.80  72.61  68.61  64.51  62.00
   63.16  63.67  64.62  65.55  66.36  66.93  66.55  64.44  61.45  59.63
   60.09  62.33  65.61  69.42  73.11  75.24  73.94  70.04  66.17  63.83
   64.90  65.36  66.25  67.18  68.09  68.78  68.44  66.32  63.35  61.48
   61.77  63.88  67.11  70.93  74.59  76.62  75.23  71.42  67.76  65.55
   66.55  66.94  67.78  68.72  69.73  70.54  70.23  68.12  65.18  63.28
   63.44  65.41  68.59  72.39  76.03  77.96  76.47  72.76  69.27  67.19
   68.09  68.43  69.22  70.18  71.29  72.20  71.93  69.84  66.95  65.05
   65.10  66.94  70.05  73.82  77.42  79.25  77.65  74.03  70.72  68.73
   69.55  69.83  70.57  71.56  72.76  73.77  73.55  71.50  68.67  66.79
   66.74  68.47  71.49  75.20  78.77  80.48  78.78  75.25  72.09  70.19
   70.92  71.14  71.85  72.87  74.15  75.26  75.09  73.08  70.35  68.49
   68.38  69.99  72.91  76.55  80.05  81.66  79.85  76.41  73.40  71.58
   72.23  72.39  73.07  74.11  75.48  76.67  76.55  74.61  71.97  70.17
   70.00  71.50  74.30  77.85  81.28  82.77  80.85  77.51  74.64  72.89
   73.46  73.58  74.23  75.30  76.73  77.99  77.93  76.07  73.56  71.82
   71.61  73.00  75.66  79.09  82.44  83.81  81.78  78.54  75.82  74.13
   74.63  74.71  75.34  76.44  77.92  79.24  79.24  77.48  75.10  73.44
   73.21  74.48  77.00  80.29  83.54  84.77  82.64  79.51  76.93  75.31
   75.76  75.80  76.41  77.52  79.04  80.40  80.46  78.82  76.59  75.03
   74.79  75.95  78.31  81.43  84.56  85.65  83.42  80.42  77.98  76.43
   76.84  76.86  77.45  78.57  80.09  81.47  81.61  80.11  78.05  76.60
   76.34  77.40  79.58  82.52  85.51  86.44  84.12  81.26  78.97  77.50
   77.88  77.89  78.46  79.57  81.08  82.47  82.68  81.33  79.46  78.13
   77.88  78.83  80.83  83.55  86.38  87.13  84.74  82.05  79.91  78.53
   78.90  78.90  79.45  80.53  82.01  83.37  83.66  82.49  80.82  79.62
   79.39  80.23  82.03  84.52  87.17  87.70  85.29  82.78  80.81  79.52
   79.90  79.89  80.43  81.46  82.87  84.19  84.56  83.58  82.13  81.08
   80.86  81.60  83.20  85.45  87.89  88.14  85.76  83.47  81.67  80.48
   80.88  80.88  81.39  82.36  83.67  84.92  85.36  84.61  83.39  82.49
   82.30  82.94  84.34  86.32  88.54  88.44  86.18  84.12  82.50  81.42
   81.87  81.87  82.33  83.22  84.41  85.57  86.07  85.55  84.58  83.85
   83.70  84.24  85.43  87.14  89.12  88.58  86.54  84.73  83.31  82.35
   82.86  82.86  83.28  84.06  85.09  86.12  86.67  86.40  85.70  85.15
   85.04  85.50  86.48  87.90  89.60  88.59  86.85  85.32  84.10  83.27
   83.85  83.86  84.21  84.86  85.72  86.60  87.16  87.13  86.72  86.36
   86.32  86.69  87.47  88.58  89.63  88.52  87.13  85.89  84.89  84.20
   84.87  84.87  85.14  85.65  86.31  87.00  87.53  87.71  87.59  87.45
   87.47  87.77  88.33  89.04  89.22  88.39  87.37  86.44  85.67  85.14
   85.89  85.89  86.07  86.41  86.85  87.34  87.76  88.04  88.18  88.24
   88.35  88.56  88.83  89.00  88.77  88.23  87.58  86.96  86.44  86.08
   86.90  86.89  86.98  87.14  87.36  87.61  87.86  88.08  88.26  88.40
   88.51  88.57  88.58  88.50  88.32  88.05  87.75  87.45  87.19  87.00
   87.85  87.85  87.85  87.85  87.85  87.85  87.85  87.85  87.85  87.85
   87.85  87.85  87.85  87.85  87.85  87.85  87.85  87.85  87.85  87.85
