   80.000  15.56  10.794  3.17 0.331E-04 0.100E+06
   85.568  15.56  11.160  3.06 0.219E-04 0.500E+05
   91.069  15.56  11.222  2.98 0.103E-04 0.200E+05
   96.849  15.56  11.396  3.02 0.832E-05 0.810E+04
  103.508  15.56  11.668  2.98 0.476E-05 0.270E+04
  110.654  15.56  11.541  2.84 0.273E-05 0.900E+03
  120.438  15.56  11.138  2.58 0.496E-06 0.280E+03
  135.268  15.56  10.680  2.20 0.492E-07 0.737E+02
  158.187  15.56  10.248  1.88 0.000E+00 0.182E+02
  190.254  15.56   9.843  1.76 0.000E+00 0.575E+01
  230.618  15.56   9.448  1.69 0.000E+00 0.192E+01
  277.931  15.56   9.048  1.68 0.000E+00 0.637E+00
  330.641  15.56   8.634  1.68 0.000E+00 0.212E+00
  387.703  15.56   8.206  1.68 0.000E+00 0.805E-01
  448.345  15.56   7.763  1.68 0.000E+00 0.362E-01
