 -0.224366E+00-0.655657E+00-0.102086E+01-0.124095E+01-0.112999E+01-0.498117E+00
  0.726540E+00 0.229508E+01 0.367046E+01 0.472891E+01 0.532099E+01 0.551056E+01
  0.550788E+01 0.532170E+01 0.504098E+01 0.477575E+01 0.455802E+01 0.455802E+01
  0.455802E+01 0.455802E+01 0.455802E+01 0.455802E+01 0.455802E+01-0.545078E+00
 -0.154503E+01-0.233176E+01-0.277248E+01-0.264970E+01-0.173946E+01-0.259136E+00
  0.127210E+01 0.264066E+01 0.388843E+01 0.475339E+01 0.515917E+01 0.529223E+01
  0.519540E+01 0.497127E+01 0.473715E+01 0.453325E+01 0.453325E+01 0.453325E+01
  0.453325E+01 0.453325E+01 0.453325E+01 0.453325E+01-0.815586E+00-0.230242E+01
 -0.352484E+01-0.437174E+01-0.464554E+01-0.421353E+01-0.285823E+01-0.599449E+00
  0.176028E+01 0.318960E+01 0.414780E+01 0.489299E+01 0.511270E+01 0.510156E+01
  0.499052E+01 0.485231E+01 0.471867E+01 0.471867E+01 0.471867E+01 0.471867E+01
  0.471867E+01 0.471867E+01 0.471867E+01-0.101140E+01-0.287390E+01-0.449011E+01
 -0.578677E+01-0.656901E+01-0.669769E+01-0.555527E+01-0.269589E+01 0.820332E+00
  0.323678E+01 0.457380E+01 0.527198E+01 0.543798E+01 0.544418E+01 0.539479E+01
  0.532125E+01 0.524281E+01 0.524281E+01 0.524281E+01 0.524281E+01 0.524281E+01
  0.524281E+01 0.524281E+01-0.111520E+01-0.320234E+01-0.508391E+01-0.670080E+01
 -0.783559E+01-0.826208E+01-0.731170E+01-0.442119E+01-0.331711E+00 0.323321E+01
  0.520103E+01 0.581435E+01 0.593660E+01 0.594839E+01 0.593199E+01 0.591042E+01
  0.589253E+01 0.589253E+01 0.589253E+01 0.589253E+01 0.589253E+01 0.589253E+01
  0.589253E+01-0.111544E+01-0.323707E+01-0.517495E+01-0.684337E+01-0.799964E+01
 -0.836710E+01-0.757871E+01-0.530938E+01-0.171672E+01 0.210568E+01 0.471708E+01
  0.578578E+01 0.607226E+01 0.616404E+01 0.621692E+01 0.628585E+01 0.637567E+01
  0.637567E+01 0.637567E+01 0.637567E+01 0.637567E+01 0.637567E+01 0.637567E+01
 -0.101135E+01-0.296444E+01-0.475809E+01-0.627868E+01-0.728106E+01-0.750602E+01
 -0.686731E+01-0.537612E+01-0.289781E+01 0.637340E+00 0.385853E+01 0.562606E+01
  0.616615E+01 0.636504E+01 0.648736E+01 0.662788E+01 0.680564E+01 0.680564E+01
  0.680564E+01 0.680564E+01 0.680564E+01 0.680564E+01 0.680564E+01-0.809740E+00
 -0.239529E+01-0.386850E+01-0.511954E+01-0.592928E+01-0.610613E+01-0.550223E+01
 -0.426972E+01-0.263605E+01 0.544680E+00 0.391919E+01 0.586947E+01 0.648892E+01
  0.675012E+01 0.692678E+01 0.710022E+01 0.730699E+01 0.730699E+01 0.730699E+01
  0.730699E+01 0.730699E+01 0.730699E+01 0.730699E+01-0.529597E+00-0.157783E+01
 -0.255313E+01-0.335408E+01-0.376712E+01-0.363661E+01-0.251663E+01-0.321839E+00
  0.204179E+01 0.456218E+01 0.609015E+01 0.640937E+01 0.653237E+01 0.677440E+01
  0.710517E+01 0.743364E+01 0.772710E+01 0.772710E+01 0.772710E+01 0.772710E+01
  0.772710E+01 0.772710E+01 0.772710E+01-0.196541E+00-0.583672E+00-0.909753E+00
 -0.107286E+01-0.834078E+00-0.821482E-02 0.211141E+01 0.602825E+01 0.103478E+02
  0.120577E+02 0.102949E+02 0.761046E+01 0.667372E+01 0.671049E+01 0.719002E+01
  0.774098E+01 0.817822E+01 0.817822E+01 0.817822E+01 0.817822E+01 0.817822E+01
  0.817822E+01 0.817822E+01 0.156263E+00 0.487506E+00 0.884507E+00 0.143444E+01
  0.236788E+01 0.390424E+01 0.656791E+01 0.107197E+02 0.152217E+02 0.168961E+02
  0.144549E+02 0.106575E+02 0.880507E+01 0.825097E+01 0.840886E+01 0.882229E+01
  0.923942E+01 0.923942E+01 0.923942E+01 0.923942E+01 0.923942E+01 0.923942E+01
  0.923942E+01 0.493909E+00 0.152869E+01 0.263685E+01 0.385937E+01 0.534962E+01
  0.729510E+01 0.976263E+01 0.125974E+02 0.154015E+02 0.174129E+02 0.168026E+02
  0.141983E+02 0.120641E+02 0.108875E+02 0.104603E+02 0.104669E+02 0.107080E+02
  0.107080E+02 0.107080E+02 0.107080E+02 0.107080E+02 0.107080E+02 0.107080E+02
  0.780962E+00 0.242892E+01 0.415006E+01 0.590727E+01 0.771420E+01 0.960087E+01
  0.115705E+02 0.136113E+02 0.155709E+02 0.166809E+02 0.162407E+02 0.146375E+02
  0.130129E+02 0.119977E+02 0.115448E+02 0.114604E+02 0.116081E+02 0.116081E+02
  0.116081E+02 0.116081E+02 0.116081E+02 0.116081E+02 0.116081E+02 0.987842E+00
  0.308666E+01 0.527130E+01 0.744279E+01 0.947611E+01 0.111993E+02 0.126892E+02
  0.142860E+02 0.157702E+02 0.151993E+02 0.136227E+02 0.124396E+02 0.116935E+02
  0.113344E+02 0.112586E+02 0.113518E+02 0.115247E+02 0.115247E+02 0.115247E+02
  0.115247E+02 0.115247E+02 0.115247E+02 0.115247E+02 0.109101E+01 0.341373E+01
  0.587254E+01 0.838298E+01 0.107635E+02 0.127436E+02 0.139402E+02 0.141571E+02
  0.135743E+02 0.121075E+02 0.108164E+02 0.102895E+02 0.101263E+02 0.100797E+02
  0.101225E+02 0.102723E+02 0.104959E+02 0.104959E+02 0.104959E+02 0.104959E+02
  0.104959E+02 0.104959E+02 0.104959E+02 0.108144E+01 0.336667E+01 0.580863E+01
  0.836584E+01 0.108635E+02 0.130592E+02 0.139630E+02 0.126323E+02 0.100415E+02
  0.874889E+01 0.861425E+01 0.870650E+01 0.881408E+01 0.880040E+01 0.876240E+01
  0.884591E+01 0.906890E+01 0.906890E+01 0.906890E+01 0.906890E+01 0.906890E+01
  0.906890E+01 0.906890E+01 0.959807E+00 0.294218E+01 0.500299E+01 0.710514E+01
  0.910053E+01 0.108558E+02 0.112889E+02 0.952063E+01 0.716546E+01 0.676185E+01
  0.723866E+01 0.745406E+01 0.769242E+01 0.772861E+01 0.765997E+01 0.766985E+01
  0.780131E+01 0.780131E+01 0.780131E+01 0.780131E+01 0.780131E+01 0.780131E+01
  0.780131E+01 0.742020E+00 0.221883E+01 0.364140E+01 0.494578E+01 0.603367E+01
  0.683728E+01 0.693264E+01 0.617772E+01 0.559687E+01 0.590468E+01 0.635146E+01
  0.653583E+01 0.673933E+01 0.676202E+01 0.667354E+01 0.661704E+01 0.663181E+01
  0.663181E+01 0.663181E+01 0.663181E+01 0.663181E+01 0.663181E+01 0.663181E+01
  0.451156E+00 0.130153E+01 0.199582E+01 0.245008E+01 0.264637E+01 0.250349E+01
  0.267055E+01 0.382899E+01 0.517649E+01 0.557553E+01 0.569480E+01 0.596912E+01
  0.599753E+01 0.588602E+01 0.573012E+01 0.560572E+01 0.553157E+01 0.553157E+01
  0.553157E+01 0.553157E+01 0.553157E+01 0.553157E+01 0.553157E+01 0.118328E+00
  0.311993E+00 0.393116E+00 0.330281E+00 0.211086E+00 0.409778E-01 0.669177E+00
  0.271401E+01 0.469868E+01 0.528155E+01 0.541917E+01 0.568768E+01 0.561707E+01
  0.540886E+01 0.517086E+01 0.496693E+01 0.481155E+01 0.481155E+01 0.481155E+01
  0.481155E+01 0.481155E+01 0.481155E+01 0.481155E+01-0.349769E+00-0.102849E+01
 -0.160815E+01-0.198020E+01-0.194122E+01-0.124425E+01 0.660925E-01 0.185637E+01
  0.406298E+01 0.557694E+01 0.626495E+01 0.655238E+01 0.666835E+01 0.661844E+01
  0.646871E+01 0.630295E+01 0.615189E+01 0.615189E+01 0.615189E+01 0.615189E+01
  0.615189E+01 0.615189E+01 0.615189E+01-0.771497E+00-0.227859E+01-0.362709E+01
 -0.465465E+01-0.508495E+01-0.463673E+01-0.313605E+01-0.608139E+00 0.245543E+01
  0.469068E+01 0.588898E+01 0.646673E+01 0.671990E+01 0.680645E+01 0.678313E+01
  0.668527E+01 0.653818E+01 0.653818E+01 0.653818E+01 0.653818E+01 0.653818E+01
  0.653818E+01 0.653818E+01-0.111829E+01-0.330285E+01-0.533069E+01-0.705050E+01
 -0.814511E+01-0.837328E+01-0.696338E+01-0.345890E+01 0.760053E+00 0.383706E+01
  0.574849E+01 0.687403E+01 0.732609E+01 0.759020E+01 0.775203E+01 0.779230E+01
  0.772872E+01 0.772872E+01 0.772872E+01 0.772872E+01 0.772872E+01 0.772872E+01
  0.772872E+01-0.135586E+01-0.399633E+01-0.648548E+01-0.870035E+01-0.103020E+02
 -0.109012E+02-0.972987E+01-0.604426E+01-0.563922E+00 0.360378E+01 0.613991E+01
  0.765583E+01 0.833382E+01 0.876458E+01 0.906665E+01 0.923470E+01 0.929259E+01
  0.929259E+01 0.929259E+01 0.929259E+01 0.929259E+01 0.929259E+01 0.929259E+01
 -0.146373E+01-0.429065E+01-0.695076E+01-0.934874E+01-0.111512E+02-0.118321E+02
 -0.109004E+02-0.759399E+01-0.160279E+01 0.344566E+01 0.659009E+01 0.837074E+01
  0.920659E+01 0.974238E+01 0.101350E+02 0.104172E+02 0.106162E+02 0.106162E+02
  0.106162E+02 0.106162E+02 0.106162E+02 0.106162E+02 0.106162E+02-0.143173E+01
 -0.415124E+01-0.666219E+01-0.889014E+01-0.105462E+02-0.112821E+02-0.104647E+02
 -0.746037E+01-0.253980E+01 0.257345E+01 0.642165E+01 0.852792E+01 0.940324E+01
  0.997809E+01 0.104589E+02 0.108667E+02 0.112115E+02 0.112115E+02 0.112115E+02
  0.112115E+02 0.112115E+02 0.112115E+02 0.112115E+02-0.126656E+01-0.361793E+01
 -0.569583E+01-0.742036E+01-0.856562E+01-0.902326E+01-0.818348E+01-0.579518E+01
 -0.278605E+01 0.160576E+01 0.573042E+01 0.810692E+01 0.919131E+01 0.994368E+01
  0.105738E+02 0.110992E+02 0.115391E+02 0.115391E+02 0.115391E+02 0.115391E+02
  0.115391E+02 0.115391E+02 0.115391E+02-0.984328E+00-0.276362E+01-0.420880E+01
 -0.520325E+01-0.557050E+01-0.523677E+01-0.422575E+01-0.289810E+01-0.152970E+01
  0.160983E+01 0.513546E+01 0.752779E+01 0.904902E+01 0.101668E+02 0.110122E+02
  0.116322E+02 0.120959E+02 0.120959E+02 0.120959E+02 0.120959E+02 0.120959E+02
  0.120959E+02 0.120959E+02-0.613545E+00-0.169260E+01-0.246628E+01-0.279431E+01
 -0.249882E+01-0.145270E+01-0.211723E-01 0.114119E+01 0.202653E+01 0.375480E+01
  0.604643E+01 0.801638E+01 0.939760E+01 0.105495E+02 0.115112E+02 0.122325E+02
  0.127496E+02 0.127496E+02 0.127496E+02 0.127496E+02 0.127496E+02 0.127496E+02
  0.127496E+02-0.187810E+00-0.499990E+00-0.654641E+00-0.533547E+00 0.899160E-01
  0.136418E+01 0.338864E+01 0.578974E+01 0.746705E+01 0.810999E+01 0.902843E+01
  0.101756E+02 0.106358E+02 0.112680E+02 0.120725E+02 0.128022E+02 0.133715E+02
  0.133715E+02 0.133715E+02 0.133715E+02 0.133715E+02 0.133715E+02 0.133715E+02
  0.254303E+00 0.742052E+00 0.119650E+01 0.166901E+01 0.241258E+01 0.354579E+01
  0.595969E+01 0.978538E+01 0.124769E+02 0.129518E+02 0.130468E+02 0.133527E+02
  0.130753E+02 0.130364E+02 0.132803E+02 0.136243E+02 0.139843E+02 0.139843E+02
  0.139843E+02 0.139843E+02 0.139843E+02 0.139843E+02 0.139843E+02 0.672940E+00
  0.195652E+01 0.307954E+01 0.401698E+01 0.497914E+01 0.602676E+01 0.848109E+01
  0.128157E+02 0.159269E+02 0.167148E+02 0.164262E+02 0.160404E+02 0.155093E+02
  0.149306E+02 0.144342E+02 0.141489E+02 0.141168E+02 0.141168E+02 0.141168E+02
  0.141168E+02 0.141168E+02 0.141168E+02 0.141168E+02 0.102785E+01 0.305565E+01
  0.497152E+01 0.672500E+01 0.840422E+01 0.100297E+02 0.123016E+02 0.155375E+02
  0.180111E+02 0.182396E+02 0.171876E+02 0.162051E+02 0.154746E+02 0.145902E+02
  0.137076E+02 0.131226E+02 0.129204E+02 0.129204E+02 0.129204E+02 0.129204E+02
  0.129204E+02 0.129204E+02 0.129204E+02 0.128344E+01 0.390980E+01 0.659449E+01
  0.930838E+01 0.120052E+02 0.146097E+02 0.167576E+02 0.180948E+02 0.185365E+02
  0.172999E+02 0.154620E+02 0.141621E+02 0.133077E+02 0.124143E+02 0.115954E+02
  0.111071E+02 0.109852E+02 0.109852E+02 0.109852E+02 0.109852E+02 0.109852E+02
  0.109852E+02 0.109852E+02 0.140968E+01 0.437354E+01 0.754018E+01 0.109032E+02
  0.143605E+02 0.175898E+02 0.198939E+02 0.199930E+02 0.171269E+02 0.143800E+02
  0.126475E+02 0.115639E+02 0.109129E+02 0.103125E+02 0.981450E+01 0.957191E+01
  0.958335E+01 0.958335E+01 0.958335E+01 0.958335E+01 0.958335E+01 0.958335E+01
  0.958335E+01 0.139253E+01 0.436157E+01 0.756586E+01 0.109776E+02 0.144645E+02
  0.175224E+02 0.195852E+02 0.189598E+02 0.139684E+02 0.108238E+02 0.983929E+01
  0.924792E+01 0.896393E+01 0.873903E+01 0.857859E+01 0.855159E+01 0.864942E+01
  0.864942E+01 0.864942E+01 0.864942E+01 0.864942E+01 0.864942E+01 0.864942E+01
  0.122979E+01 0.384516E+01 0.659200E+01 0.936187E+01 0.119570E+02 0.139721E+02
  0.148730E+02 0.136254E+02 0.982648E+01 0.803724E+01 0.783776E+01 0.765935E+01
  0.764331E+01 0.763491E+01 0.763316E+01 0.768169E+01 0.777957E+01 0.777957E+01
  0.777957E+01 0.777957E+01 0.777957E+01 0.777957E+01 0.777957E+01 0.939701E+00
  0.291407E+01 0.488946E+01 0.670631E+01 0.816856E+01 0.905416E+01 0.905891E+01
  0.807042E+01 0.674330E+01 0.652719E+01 0.683517E+01 0.696294E+01 0.705633E+01
  0.708379E+01 0.707981E+01 0.709836E+01 0.714975E+01 0.714975E+01 0.714975E+01
  0.714975E+01 0.714975E+01 0.714975E+01 0.714975E+01 0.551244E+00 0.169465E+01
  0.278429E+01 0.370450E+01 0.438794E+01 0.472615E+01 0.493018E+01 0.530926E+01
  0.574465E+01 0.618977E+01 0.664314E+01 0.697052E+01 0.704629E+01 0.699408E+01
  0.690318E+01 0.684538E+01 0.683942E+01 0.683942E+01 0.683942E+01 0.683942E+01
  0.683942E+01 0.683942E+01 0.683942E+01 0.106471E+00 0.335052E+00 0.556197E+00
  0.762481E+00 0.104233E+01 0.144731E+01 0.227203E+01 0.370828E+01 0.520052E+01
  0.607459E+01 0.657075E+01 0.690646E+01 0.696372E+01 0.686017E+01 0.669692E+01
  0.656142E+01 0.647986E+01 0.647986E+01 0.647986E+01 0.647986E+01 0.647986E+01
  0.647986E+01 0.647986E+01-0.979140E+00-0.300595E+01-0.509364E+01-0.713313E+01
 -0.876045E+01-0.974741E+01-0.866409E+01-0.492527E+01-0.159364E+01-0.353418E+00
  0.151267E+00 0.755993E+00 0.958089E+00 0.976897E+00 0.917108E+00 0.833645E+00
  0.751162E+00 0.751162E+00 0.751162E+00 0.751162E+00 0.751162E+00 0.751162E+00
  0.751162E+00-0.127091E+01-0.382370E+01-0.640263E+01-0.895119E+01-0.111438E+02
 -0.126126E+02-0.119849E+02-0.835040E+01-0.381388E+01-0.124839E+01 0.920911E-01
  0.108951E+01 0.141201E+01 0.148205E+01 0.144449E+01 0.135476E+01 0.124631E+01
  0.124631E+01 0.124631E+01 0.124631E+01 0.124631E+01 0.124631E+01 0.124631E+01
 -0.143863E+01-0.424295E+01-0.695954E+01-0.956897E+01-0.119008E+02-0.135105E+02
 -0.139177E+02-0.121959E+02-0.758535E+01-0.333904E+01-0.458439E+00 0.121748E+01
  0.180578E+01 0.202860E+01 0.209271E+01 0.206366E+01 0.199239E+01 0.199239E+01
  0.199239E+01 0.199239E+01 0.199239E+01 0.199239E+01 0.199239E+01-0.146891E+01
 -0.425881E+01-0.682217E+01-0.915114E+01-0.113071E+02-0.130861E+02-0.149661E+02
 -0.158722E+02-0.122007E+02-0.708788E+01-0.277709E+01-0.200878E-01 0.119038E+01
  0.178963E+01 0.209841E+01 0.226221E+01 0.236426E+01 0.236426E+01 0.236426E+01
  0.236426E+01 0.236426E+01 0.236426E+01 0.236426E+01-0.136277E+01-0.391964E+01
 -0.617822E+01-0.812353E+01-0.998347E+01-0.117414E+02-0.147942E+02-0.182680E+02
 -0.163135E+02-0.109296E+02-0.548227E+01-0.174503E+01 0.242776E+00 0.132840E+01
  0.193130E+01 0.233812E+01 0.267500E+01 0.267500E+01 0.267500E+01 0.267500E+01
  0.267500E+01 0.267500E+01 0.267500E+01-0.113043E+01-0.328997E+01-0.523483E+01
 -0.694374E+01-0.860689E+01-0.992342E+01-0.130555E+02-0.181722E+02-0.183009E+02
 -0.127574E+02-0.651462E+01-0.247892E+01 0.969985E-01 0.158789E+01 0.241175E+01
  0.299798E+01 0.351434E+01 0.351434E+01 0.351434E+01 0.351434E+01 0.351434E+01
  0.351434E+01 0.351434E+01-0.792527E+00-0.239350E+01-0.400967E+01-0.565573E+01
 -0.738023E+01-0.887870E+01-0.112535E+02-0.150409E+02-0.166234E+02-0.124665E+02
 -0.663690E+01-0.254660E+01 0.346369E+00 0.214151E+01 0.320639E+01 0.397690E+01
  0.463582E+01 0.463582E+01 0.463582E+01 0.463582E+01 0.463582E+01 0.463582E+01
  0.463582E+01-0.376414E+00-0.125459E+01-0.242654E+01-0.398509E+01-0.586536E+01
 -0.846519E+01-0.975787E+01-0.913628E+01-0.108896E+02-0.101984E+02-0.640960E+01
 -0.227159E+01 0.557466E+00 0.250514E+01 0.387589E+01 0.488665E+01 0.568057E+01
  0.568057E+01 0.568057E+01 0.568057E+01 0.568057E+01 0.568057E+01 0.568057E+01
  0.804774E-01 0.687879E-01-0.308200E+00-0.113701E+01-0.230231E+01-0.428161E+01
 -0.455200E+01-0.235317E+01-0.369647E+01-0.523552E+01-0.371428E+01-0.600580E+00
  0.140412E+01 0.309111E+01 0.458311E+01 0.575471E+01 0.663027E+01 0.663027E+01
  0.663027E+01 0.663027E+01 0.663027E+01 0.663027E+01 0.663027E+01 0.536304E+00
  0.147185E+01 0.223433E+01 0.284144E+01 0.337347E+01 0.419111E+01 0.461954E+01
  0.391071E+01 0.300495E+01 0.191496E+01 0.196189E+01 0.286968E+01 0.337050E+01
  0.429463E+01 0.550321E+01 0.658076E+01 0.739919E+01 0.739919E+01 0.739919E+01
  0.739919E+01 0.739919E+01 0.739919E+01 0.739919E+01 0.944929E+00 0.278336E+01
  0.460706E+01 0.644115E+01 0.822079E+01 0.103007E+02 0.110102E+02 0.946794E+01
  0.905698E+01 0.857054E+01 0.785354E+01 0.709944E+01 0.629335E+01 0.620411E+01
  0.664832E+01 0.720434E+01 0.770898E+01 0.770898E+01 0.770898E+01 0.770898E+01
  0.770898E+01 0.770898E+01 0.770898E+01 0.126368E+01 0.383154E+01 0.641291E+01
  0.892534E+01 0.111203E+02 0.124761E+02 0.131427E+02 0.135372E+02 0.133052E+02
  0.126846E+02 0.117377E+02 0.103975E+02 0.893496E+01 0.798032E+01 0.751525E+01
  0.736060E+01 0.743581E+01 0.743581E+01 0.743581E+01 0.743581E+01 0.743581E+01
  0.743581E+01 0.743581E+01 0.145528E+01 0.445834E+01 0.749878E+01 0.104356E+02
  0.129516E+02 0.144961E+02 0.150543E+02 0.148334E+02 0.137700E+02 0.132537E+02
  0.124119E+02 0.107889E+02 0.926179E+01 0.805099E+01 0.720421E+01 0.674398E+01
  0.664213E+01 0.664213E+01 0.664213E+01 0.664213E+01 0.664213E+01 0.664213E+01
  0.664213E+01 0.149951E+01 0.459552E+01 0.774709E+01 0.108193E+02 0.135414E+02
  0.159245E+02 0.164800E+02 0.142764E+02 0.121568E+02 0.115810E+02 0.106602E+02
  0.890563E+01 0.765944E+01 0.667842E+01 0.595824E+01 0.559047E+01 0.554720E+01
  0.554720E+01 0.554720E+01 0.554720E+01 0.554720E+01 0.554720E+01 0.554720E+01
  0.138994E+01 0.424015E+01 0.709289E+01 0.981706E+01 0.122160E+02 0.142029E+02
  0.149341E+02 0.137280E+02 0.117141E+02 0.996532E+01 0.828482E+01 0.675858E+01
  0.582908E+01 0.513000E+01 0.463298E+01 0.440831E+01 0.442880E+01 0.442880E+01
  0.442880E+01 0.442880E+01 0.442880E+01 0.442880E+01 0.442880E+01 0.114023E+01
  0.344914E+01 0.569616E+01 0.777059E+01 0.955460E+01 0.106274E+02 0.115442E+02
  0.123936E+02 0.110613E+02 0.823651E+01 0.595797E+01 0.486920E+01 0.422100E+01
  0.374795E+01 0.343574E+01 0.331388E+01 0.336110E+01 0.336110E+01 0.336110E+01
  0.336110E+01 0.336110E+01 0.336110E+01 0.336110E+01 0.775629E+00 0.231195E+01
  0.378677E+01 0.516030E+01 0.640115E+01 0.726045E+01 0.819869E+01 0.912770E+01
  0.809598E+01 0.570320E+01 0.391100E+01 0.324019E+01 0.284693E+01 0.255512E+01
  0.236876E+01 0.231393E+01 0.237180E+01 0.237180E+01 0.237180E+01 0.237180E+01
  0.237180E+01 0.237180E+01 0.237180E+01 0.335651E+00 0.954615E+00 0.154560E+01
  0.216264E+01 0.287590E+01 0.375715E+01 0.467124E+01 0.505215E+01 0.427665E+01
  0.310088E+01 0.233329E+01 0.203765E+01 0.184910E+01 0.168892E+01 0.157779E+01
  0.155003E+01 0.159367E+01 0.159367E+01 0.159367E+01 0.159367E+01 0.159367E+01
  0.159367E+01 0.159367E+01-0.135101E+00-0.483249E+00-0.839078E+00-0.107252E+01
 -0.997315E+00-0.436264E+00 0.528928E+00 0.131443E+01 0.126725E+01 0.119563E+01
  0.128409E+01 0.132854E+01 0.128572E+01 0.120831E+01 0.113504E+01 0.109751E+01
  0.109924E+01 0.109924E+01 0.109924E+01 0.109924E+01 0.109924E+01 0.109924E+01
  0.109924E+01-0.588102E+00-0.185079E+01-0.314055E+01-0.430851E+01-0.505718E+01
 -0.520139E+01-0.412137E+01-0.191881E+01-0.478634E+00 0.159685E+00 0.576222E+00
  0.906378E+00 0.987073E+00 0.963131E+00 0.901082E+00 0.839032E+00 0.794013E+00
  0.794013E+00 0.794013E+00 0.794013E+00 0.794013E+00 0.794013E+00 0.794013E+00
 -0.882047E+00-0.248860E+01-0.383894E+01-0.486653E+01-0.543414E+01-0.520722E+01
 -0.462179E+01-0.367253E+01-0.760077E+00 0.274201E+01 0.506688E+01 0.616446E+01
  0.688349E+01 0.713381E+01 0.708002E+01 0.696685E+01 0.689051E+01 0.689051E+01
  0.689051E+01 0.689051E+01 0.689051E+01 0.689051E+01 0.689051E+01-0.149008E+01
 -0.429871E+01-0.680559E+01-0.890279E+01-0.103835E+02-0.108867E+02-0.104918E+02
 -0.883787E+01-0.470870E+01-0.129412E+00 0.311298E+01 0.498570E+01 0.620451E+01
  0.678520E+01 0.693555E+01 0.692207E+01 0.686883E+01 0.686883E+01 0.686883E+01
  0.686883E+01 0.686883E+01 0.686883E+01 0.686883E+01-0.196013E+01-0.573550E+01
 -0.924865E+01-0.123673E+02-0.147848E+02-0.162839E+02-0.158913E+02-0.127576E+02
 -0.796975E+01-0.330584E+01 0.532975E+00 0.342834E+01 0.533849E+01 0.642091E+01
  0.692859E+01 0.712691E+01 0.717100E+01 0.717100E+01 0.717100E+01 0.717100E+01
  0.717100E+01 0.717100E+01 0.717100E+01-0.224287E+01-0.664115E+01-0.108332E+02
 -0.146529E+02-0.177099E+02-0.195913E+02-0.194696E+02-0.166730E+02-0.118154E+02
 -0.628118E+01-0.109409E+01 0.298973E+01 0.560558E+01 0.709698E+01 0.785744E+01
  0.826539E+01 0.852109E+01 0.852109E+01 0.852109E+01 0.852109E+01 0.852109E+01
  0.852109E+01 0.852109E+01-0.231020E+01-0.690537E+01-0.113600E+02-0.154885E+02
 -0.188569E+02-0.208146E+02-0.210636E+02-0.193075E+02-0.148520E+02-0.854243E+01
 -0.210708E+01 0.297624E+01 0.622882E+01 0.812331E+01 0.916643E+01 0.983696E+01
  0.103693E+02 0.103693E+02 0.103693E+02 0.103693E+02 0.103693E+02 0.103693E+02
  0.103693E+02-0.215035E+01-0.646285E+01-0.107181E+02-0.147574E+02-0.181521E+02
 -0.204744E+02-0.207939E+02-0.186379E+02-0.149945E+02-0.964465E+01-0.340448E+01
  0.208314E+01 0.583541E+01 0.828620E+01 0.985830E+01 0.109276E+02 0.117189E+02
  0.117189E+02 0.117189E+02 0.117189E+02 0.117189E+02 0.117189E+02 0.117189E+02
 -0.177998E+01-0.534943E+01-0.889493E+01-0.122922E+02-0.151511E+02-0.173683E+02
 -0.174106E+02-0.148983E+02-0.129878E+02-0.946118E+01-0.412935E+01 0.112890E+01
  0.502836E+01 0.788751E+01 0.994537E+01 0.113801E+02 0.123752E+02 0.123752E+02
  0.123752E+02 0.123752E+02 0.123752E+02 0.123752E+02 0.123752E+02-0.123286E+01
 -0.366625E+01-0.601496E+01-0.816436E+01-0.978888E+01-0.108314E+02-0.103552E+02
 -0.890076E+01-0.946521E+01-0.752902E+01-0.311467E+01 0.131874E+01 0.480908E+01
  0.760936E+01 0.979871E+01 0.113891E+02 0.125032E+02 0.125032E+02 0.125032E+02
  0.125032E+02 0.125032E+02 0.125032E+02 0.125032E+02-0.566778E+00-0.161185E+01
 -0.249399E+01-0.312382E+01-0.329491E+01-0.295127E+01-0.195715E+01-0.127258E+01
 -0.262343E+01-0.226854E+01 0.279301E+00 0.325616E+01 0.572369E+01 0.798382E+01
  0.996953E+01 0.115027E+02 0.126086E+02 0.126086E+02 0.126086E+02 0.126086E+02
  0.126086E+02 0.126086E+02 0.126086E+02 0.151829E+00 0.588011E+00 0.121757E+01
  0.206828E+01 0.318698E+01 0.452648E+01 0.593570E+01 0.706215E+01 0.728263E+01
  0.629358E+01 0.612906E+01 0.716042E+01 0.811103E+01 0.940609E+01 0.108540E+02
  0.120812E+02 0.129994E+02 0.129994E+02 0.129994E+02 0.129994E+02 0.129994E+02
  0.129994E+02 0.129994E+02 0.849169E+00 0.269122E+01 0.469517E+01 0.682067E+01
  0.900482E+01 0.111416E+02 0.130127E+02 0.146658E+02 0.161133E+02 0.152402E+02
  0.136526E+02 0.127074E+02 0.120199E+02 0.120271E+02 0.125045E+02 0.130574E+02
  0.135533E+02 0.135533E+02 0.135533E+02 0.135533E+02 0.135533E+02 0.135533E+02
  0.135533E+02 0.145694E+01 0.449080E+01 0.760934E+01 0.107182E+02 0.137084E+02
  0.164716E+02 0.187560E+02 0.204299E+02 0.216094E+02 0.215658E+02 0.199703E+02
  0.176314E+02 0.157228E+02 0.145335E+02 0.139187E+02 0.136589E+02 0.136595E+02
  0.136595E+02 0.136595E+02 0.136595E+02 0.136595E+02 0.136595E+02 0.136595E+02
  0.191470E+01 0.582142E+01 0.973056E+01 0.135150E+02 0.170200E+02 0.200600E+02
  0.223904E+02 0.237265E+02 0.238618E+02 0.228417E+02 0.207458E+02 0.182289E+02
  0.161103E+02 0.144692E+02 0.133105E+02 0.126391E+02 0.124157E+02 0.124157E+02
  0.124157E+02 0.124157E+02 0.124157E+02 0.124157E+02 0.124157E+02 0.218091E+01
  0.657342E+01 0.109097E+02 0.150600E+02 0.188332E+02 0.219443E+02 0.241282E+02
  0.250845E+02 0.242464E+02 0.210676E+02 0.178398E+02 0.157994E+02 0.141288E+02
  0.126677E+02 0.115272E+02 0.108567E+02 0.106508E+02 0.106508E+02 0.106508E+02
  0.106508E+02 0.106508E+02 0.106508E+02 0.106508E+02 0.222976E+01 0.668219E+01
  0.110578E+02 0.152582E+02 0.191079E+02 0.223389E+02 0.245497E+02 0.253703E+02
  0.242996E+02 0.200663E+02 0.160518E+02 0.140952E+02 0.127340E+02 0.115629E+02
  0.106394E+02 0.100943E+02 0.991891E+01 0.991891E+01 0.991891E+01 0.991891E+01
  0.991891E+01 0.991891E+01 0.991891E+01 0.206103E+01 0.615386E+01 0.101649E+02
  0.140244E+02 0.175892E+02 0.206692E+02 0.227113E+02 0.232298E+02 0.220881E+02
  0.181608E+02 0.144645E+02 0.126988E+02 0.115930E+02 0.107361E+02 0.101051E+02
  0.974143E+01 0.961747E+01 0.961747E+01 0.961747E+01 0.961747E+01 0.961747E+01
  0.961747E+01 0.961747E+01 0.169039E+01 0.504045E+01 0.829844E+01 0.113886E+02
  0.141786E+02 0.165118E+02 0.178548E+02 0.176586E+02 0.160095E+02 0.131819E+02
  0.111112E+02 0.103037E+02 0.967834E+01 0.919899E+01 0.888697E+01 0.874615E+01
  0.874361E+01 0.874361E+01 0.874361E+01 0.874361E+01 0.874361E+01 0.874361E+01
  0.874361E+01 0.115588E+01 0.346269E+01 0.569453E+01 0.777045E+01 0.960200E+01
  0.110051E+02 0.118634E+02 0.117711E+02 0.101416E+02 0.845970E+01 0.789207E+01
  0.800273E+01 0.787623E+01 0.773458E+01 0.765866E+01 0.766309E+01 0.773227E+01
  0.773227E+01 0.773227E+01 0.773227E+01 0.773227E+01 0.773227E+01 0.773227E+01
  0.506785E+00 0.156760E+01 0.262688E+01 0.363191E+01 0.459517E+01 0.531665E+01
  0.630992E+01 0.749919E+01 0.707455E+01 0.638397E+01 0.639683E+01 0.680122E+01
  0.700514E+01 0.707267E+01 0.707837E+01 0.707990E+01 0.709893E+01 0.709893E+01
  0.709893E+01 0.709893E+01 0.709893E+01 0.709893E+01 0.709893E+01-0.194313E+00
 -0.474427E+00-0.629919E+00-0.657699E+00-0.463624E+00-0.463681E-01 0.934065E+00
  0.252814E+01 0.382026E+01 0.494354E+01 0.582368E+01 0.643151E+01 0.687022E+01
  0.702732E+01 0.699681E+01 0.692435E+01 0.687225E+01 0.687225E+01 0.687225E+01
  0.687225E+01 0.687225E+01 0.687225E+01 0.687225E+01-0.101260E+01-0.284967E+01
 -0.440687E+01-0.564265E+01-0.649011E+01-0.688759E+01-0.675850E+01-0.591123E+01
 -0.418389E+01-0.213835E+01-0.191203E-01 0.183873E+01 0.296659E+01 0.333650E+01
  0.326649E+01 0.313434E+01 0.307445E+01 0.307445E+01 0.307445E+01 0.307445E+01
  0.307445E+01 0.307445E+01 0.307445E+01-0.151573E+01-0.442891E+01-0.717579E+01
 -0.972256E+01-0.119372E+02-0.136113E+02-0.143760E+02-0.136255E+02-0.107808E+02
 -0.630516E+01-0.229074E+01 0.323678E+00 0.203423E+01 0.282501E+01 0.301410E+01
  0.300444E+01 0.297573E+01 0.297573E+01 0.297573E+01 0.297573E+01 0.297573E+01
  0.297573E+01 0.297573E+01-0.187691E+01-0.561196E+01-0.931320E+01-0.129301E+02
 -0.162462E+02-0.189267E+02-0.204626E+02-0.202644E+02-0.175247E+02-0.109674E+02
 -0.485905E+01-0.139813E+01 0.102085E+01 0.242117E+01 0.306676E+01 0.331879E+01
  0.339632E+01 0.339632E+01 0.339632E+01 0.339632E+01 0.339632E+01 0.339632E+01
  0.339632E+01-0.205412E+01-0.622464E+01-0.104542E+02-0.146737E+02-0.186453E+02
 -0.220124E+02-0.242406E+02-0.246630E+02-0.223526E+02-0.160005E+02-0.910015E+01
 -0.407406E+01-0.394604E+00 0.180759E+01 0.292733E+01 0.349580E+01 0.381750E+01
  0.381750E+01 0.381750E+01 0.381750E+01 0.381750E+01 0.381750E+01 0.381750E+01
 -0.202859E+01-0.618664E+01-0.104354E+02-0.146930E+02-0.187548E+02-0.223279E+02
 -0.249595E+02-0.259567E+02-0.244589E+02-0.199564E+02-0.135601E+02-0.711983E+01
 -0.210215E+01 0.946113E+00 0.255918E+01 0.349064E+01 0.413501E+01 0.413501E+01
  0.413501E+01 0.413501E+01 0.413501E+01 0.413501E+01 0.413501E+01-0.179852E+01
 -0.548531E+01-0.923601E+01-0.129652E+02-0.165123E+02-0.196761E+02-0.221874E+02
 -0.237147E+02-0.237222E+02-0.210875E+02-0.158062E+02-0.933489E+01-0.367102E+01
  0.486260E-01 0.221742E+01 0.355964E+01 0.449174E+01 0.449174E+01 0.449174E+01
  0.449174E+01 0.449174E+01 0.449174E+01 0.449174E+01-0.138911E+01-0.421049E+01
 -0.704359E+01-0.982392E+01-0.124518E+02-0.148376E+02-0.169346E+02-0.188377E+02
 -0.202919E+02-0.191927E+02-0.152393E+02-0.966284E+01-0.415498E+01-0.147643E+00
  0.246104E+01 0.413120E+01 0.522728E+01 0.522728E+01 0.522728E+01 0.522728E+01
  0.522728E+01 0.522728E+01 0.522728E+01-0.840339E+00-0.250187E+01-0.413027E+01
 -0.571405E+01-0.723787E+01-0.873403E+01-0.103387E+02-0.123053E+02-0.144084E+02
 -0.145204E+02-0.119022E+02-0.746013E+01-0.275365E+01 0.100234E+01 0.369023E+01
  0.545353E+01 0.655946E+01 0.655946E+01 0.655946E+01 0.655946E+01 0.655946E+01
  0.655946E+01 0.655946E+01-0.211124E+00-0.554192E+00-0.834855E+00-0.110579E+01
 -0.142850E+01-0.191497E+01-0.277460E+01-0.429265E+01-0.634928E+01-0.733371E+01
 -0.614195E+01-0.307446E+01 0.540902E+00 0.348680E+01 0.564493E+01 0.716058E+01
  0.822671E+01 0.822671E+01 0.822671E+01 0.822671E+01 0.822671E+01 0.822671E+01
  0.822671E+01 0.434701E+00 0.142629E+01 0.249818E+01 0.354988E+01 0.447310E+01
  0.513768E+01 0.537899E+01 0.493977E+01 0.363562E+01 0.211466E+01 0.168269E+01
  0.293286E+01 0.504062E+01 0.662455E+01 0.770896E+01 0.865933E+01 0.960661E+01
  0.960661E+01 0.960661E+01 0.960661E+01 0.960661E+01 0.960661E+01 0.960661E+01
  0.103076E+01 0.323043E+01 0.553333E+01 0.783657E+01 0.100143E+02 0.119357E+02
  0.135082E+02 0.147230E+02 0.152248E+02 0.134553E+02 0.111589E+02 0.985378E+01
  0.916758E+01 0.887981E+01 0.890662E+01 0.919109E+01 0.967637E+01 0.967637E+01
  0.967637E+01 0.967637E+01 0.967637E+01 0.967637E+01 0.967637E+01 0.151890E+01
  0.467403E+01 0.794476E+01 0.112700E+02 0.145393E+02 0.176190E+02 0.204127E+02
  0.230875E+02 0.251929E+02 0.231618E+02 0.192147E+02 0.154480E+02 0.118208E+02
  0.985250E+01 0.914823E+01 0.883638E+01 0.864381E+01 0.864381E+01 0.864381E+01
  0.864381E+01 0.864381E+01 0.864381E+01 0.864381E+01 0.185125E+01 0.560587E+01
  0.943221E+01 0.133222E+02 0.172189E+02 0.209944E+02 0.243912E+02 0.270363E+02
  0.280480E+02 0.252892E+02 0.207480E+02 0.163733E+02 0.125346E+02 0.102841E+02
  0.918520E+01 0.845043E+01 0.786780E+01 0.786780E+01 0.786780E+01 0.786780E+01
  0.786780E+01 0.786780E+01 0.786780E+01 0.200016E+01 0.596075E+01 0.987970E+01
  0.137665E+02 0.176049E+02 0.212870E+02 0.244465E+02 0.261663E+02 0.252451E+02
  0.219067E+02 0.175296E+02 0.138757E+02 0.116982E+02 0.101265E+02 0.891508E+01
  0.801386E+01 0.743129E+01 0.743129E+01 0.743129E+01 0.743129E+01 0.743129E+01
  0.743129E+01 0.743129E+01 0.195386E+01 0.573809E+01 0.932064E+01 0.126561E+02
  0.156931E+02 0.183588E+02 0.205238E+02 0.219332E+02 0.219163E+02 0.191220E+02
  0.148380E+02 0.116031E+02 0.102181E+02 0.903024E+01 0.790673E+01 0.713420E+01
  0.677545E+01 0.677545E+01 0.677545E+01 0.677545E+01 0.677545E+01 0.677545E+01
  0.677545E+01 0.172224E+01 0.501067E+01 0.800429E+01 0.106003E+02 0.127072E+02
  0.142960E+02 0.155464E+02 0.171279E+02 0.189953E+02 0.170043E+02 0.130460E+02
  0.103303E+02 0.902697E+01 0.797014E+01 0.708234E+01 0.657092E+01 0.643535E+01
  0.643535E+01 0.643535E+01 0.643535E+01 0.643535E+01 0.643535E+01 0.643535E+01
  0.132759E+01 0.387591E+01 0.620633E+01 0.823480E+01 0.990816E+01 0.112337E+02
  0.124080E+02 0.140150E+02 0.158304E+02 0.138778E+02 0.109697E+02 0.958079E+01
  0.860114E+01 0.781912E+01 0.725317E+01 0.694590E+01 0.686453E+01 0.686453E+01
  0.686453E+01 0.686453E+01 0.686453E+01 0.686453E+01 0.686453E+01 0.807449E+00
  0.242236E+01 0.401504E+01 0.556657E+01 0.708706E+01 0.857917E+01 0.100243E+02
  0.113128E+02 0.118049E+02 0.995564E+01 0.847747E+01 0.832137E+01 0.780673E+01
  0.736061E+01 0.707234E+01 0.689211E+01 0.679405E+01 0.679405E+01 0.679405E+01
  0.679405E+01 0.679405E+01 0.679405E+01 0.679405E+01 0.207151E+00 0.741698E+00
  0.147055E+01 0.243692E+01 0.368465E+01 0.517399E+01 0.664180E+01 0.739698E+01
  0.675180E+01 0.578712E+01 0.568725E+01 0.606951E+01 0.598735E+01 0.582045E+01
  0.567507E+01 0.555573E+01 0.546816E+01 0.546816E+01 0.546816E+01 0.546816E+01
  0.546816E+01 0.546816E+01 0.546816E+01-0.418667E+00-0.106298E+01-0.139785E+01
 -0.136085E+01-0.899093E+00-0.457046E-01 0.959048E+00 0.156067E+01 0.139768E+01
  0.175246E+01 0.276012E+01 0.372040E+01 0.418428E+01 0.426669E+01 0.415420E+01
  0.403014E+01 0.395876E+01 0.395876E+01 0.395876E+01 0.395876E+01 0.395876E+01
  0.395876E+01 0.395876E+01-0.892183E+00-0.266980E+01-0.442957E+01-0.614894E+01
 -0.775323E+01-0.910759E+01-0.995939E+01-0.991414E+01-0.868648E+01-0.674545E+01
 -0.455670E+01-0.258927E+01-0.128148E+01-0.738041E+00-0.656349E+00-0.657109E+00
 -0.622104E+00-0.622104E+00-0.622104E+00-0.622104E+00-0.622104E+00-0.622104E+00
 -0.622104E+00-0.136726E+01-0.408662E+01-0.676662E+01-0.937064E+01-0.118022E+02
 -0.138961E+02-0.153633E+02-0.158184E+02-0.148468E+02-0.120731E+02-0.818932E+01
 -0.454642E+01-0.206583E+01-0.624076E+00 0.997277E-01 0.439657E+00 0.582851E+00
  0.582851E+00 0.582851E+00 0.582851E+00 0.582851E+00 0.582851E+00 0.582851E+00
 -0.171002E+01-0.511218E+01-0.846172E+01-0.117099E+02-0.147495E+02-0.174355E+02
 -0.195680E+02-0.208924E+02-0.207881E+02-0.176395E+02-0.121761E+02-0.678234E+01
 -0.304019E+01-0.515093E+00 0.107995E+01 0.194614E+01 0.233623E+01 0.233623E+01
  0.233623E+01 0.233623E+01 0.233623E+01 0.233623E+01 0.233623E+01-0.188536E+01
 -0.564240E+01-0.935787E+01-0.129867E+02-0.164166E+02-0.195218E+02-0.221910E+02
 -0.243545E+02-0.254655E+02-0.232171E+02-0.172603E+02-0.100875E+02-0.446198E+01
 -0.633562E+00 0.178128E+01 0.324850E+01 0.416263E+01 0.416263E+01 0.416263E+01
  0.416263E+01 0.416263E+01 0.416263E+01 0.416263E+01-0.187798E+01-0.562552E+01
 -0.936164E+01-0.130682E+02-0.166570E+02-0.200258E+02-0.230918E+02-0.258596E+02
 -0.278749E+02-0.266454E+02-0.211274E+02-0.132011E+02-0.600416E+01-0.107000E+01
  0.198907E+01 0.396721E+01 0.538338E+01 0.538338E+01 0.538338E+01 0.538338E+01
  0.538338E+01 0.538338E+01 0.538338E+01-0.168685E+01-0.505046E+01-0.843202E+01
 -0.118587E+02-0.153139E+02-0.187490E+02-0.220546E+02-0.250816E+02-0.271079E+02
 -0.255651E+02-0.208202E+02-0.141461E+02-0.695058E+01-0.162428E+01 0.185854E+01
  0.412588E+01 0.566242E+01 0.566242E+01 0.566242E+01 0.566242E+01 0.566242E+01
  0.566242E+01 0.566242E+01-0.133288E+01-0.397838E+01-0.663090E+01-0.933152E+01
 -0.121208E+02-0.150235E+02-0.179857E+02-0.207975E+02-0.225803E+02-0.209974E+02
 -0.172530E+02-0.122364E+02-0.609216E+01-0.104535E+01 0.260168E+01 0.507154E+01
  0.668317E+01 0.668317E+01 0.668317E+01 0.668317E+01 0.668317E+01 0.668317E+01
  0.668317E+01-0.849174E+00-0.251383E+01-0.412309E+01-0.567046E+01-0.717847E+01
 -0.872197E+01-0.104377E+02-0.124031E+02-0.142008E+02-0.143164E+02-0.119390E+02
 -0.764196E+01-0.281372E+01 0.146084E+01 0.493153E+01 0.754878E+01 0.942674E+01
  0.942674E+01 0.942674E+01 0.942674E+01 0.942674E+01 0.942674E+01 0.942674E+01
 -0.284733E+00-0.822074E+00-0.126923E+01-0.156621E+01-0.164821E+01-0.151917E+01
 -0.136856E+01-0.164735E+01-0.296226E+01-0.525954E+01-0.502190E+01-0.181615E+01
  0.154494E+01 0.466988E+01 0.742907E+01 0.969487E+01 0.114723E+02 0.114723E+02
  0.114723E+02 0.114723E+02 0.114723E+02 0.114723E+02 0.114723E+02 0.306451E+00
  0.928901E+00 0.159925E+01 0.238118E+01 0.342228E+01 0.487882E+01 0.677731E+01
  0.865302E+01 0.897281E+01 0.563057E+01 0.337455E+01 0.436607E+01 0.597559E+01
  0.760406E+01 0.910465E+01 0.103859E+02 0.114648E+02 0.114648E+02 0.114648E+02
  0.114648E+02 0.114648E+02 0.114648E+02 0.114648E+02 0.866753E+00 0.258351E+01
  0.425323E+01 0.586493E+01 0.748908E+01 0.928731E+01 0.115822E+02 0.148035E+02
  0.179799E+02 0.160786E+02 0.127062E+02 0.112102E+02 0.104731E+02 0.101938E+02
  0.102057E+02 0.103555E+02 0.106370E+02 0.106370E+02 0.106370E+02 0.106370E+02
  0.106370E+02 0.106370E+02 0.106370E+02 0.134271E+01 0.399909E+01 0.653640E+01
  0.885806E+01 0.108786E+02 0.126290E+02 0.145612E+02 0.180948E+02 0.235319E+02
  0.238153E+02 0.203974E+02 0.168614E+02 0.138299E+02 0.117401E+02 0.104500E+02
  0.968904E+01 0.937195E+01 0.937195E+01 0.937195E+01 0.937195E+01 0.937195E+01
  0.937195E+01 0.937195E+01 0.168669E+01 0.504634E+01 0.834147E+01 0.115195E+02
  0.145463E+02 0.174535E+02 0.204207E+02 0.240395E+02 0.279378E+02 0.268952E+02
  0.223281E+02 0.176311E+02 0.138301E+02 0.110175E+02 0.905753E+01 0.778486E+01
  0.709893E+01 0.709893E+01 0.709893E+01 0.709893E+01 0.709893E+01 0.709893E+01
  0.709893E+01 0.186587E+01 0.561286E+01 0.940153E+01 0.132693E+02 0.172979E+02
  0.215420E+02 0.257265E+02 0.288687E+02 0.291776E+02 0.251335E+02 0.193225E+02
  0.146109E+02 0.113967E+02 0.884254E+01 0.683857E+01 0.547375E+01 0.469024E+01
  0.469024E+01 0.469024E+01 0.469024E+01 0.469024E+01 0.469024E+01 0.469024E+01
  0.186011E+01 0.561100E+01 0.940635E+01 0.132387E+02 0.170455E+02 0.206637E+02
  0.236116E+02 0.249851E+02 0.237450E+02 0.197018E+02 0.149728E+02 0.114261E+02
  0.906884E+01 0.703853E+01 0.534569E+01 0.421980E+01 0.362879E+01 0.362879E+01
  0.362879E+01 0.362879E+01 0.362879E+01 0.362879E+01 0.362879E+01 0.167149E+01
  0.504129E+01 0.839077E+01 0.116170E+02 0.144674E+02 0.165758E+02 0.175094E+02
  0.171543E+02 0.158535E+02 0.134229E+02 0.108090E+02 0.879018E+01 0.721486E+01
  0.577012E+01 0.457190E+01 0.383126E+01 0.352035E+01 0.352035E+01 0.352035E+01
  0.352035E+01 0.352035E+01 0.352035E+01 0.352035E+01 0.131625E+01 0.395788E+01
  0.653504E+01 0.893494E+01 0.109584E+02 0.123491E+02 0.128332E+02 0.122394E+02
  0.107070E+02 0.884661E+01 0.738663E+01 0.637505E+01 0.542571E+01 0.456893E+01
  0.389547E+01 0.349349E+01 0.333496E+01 0.333496E+01 0.333496E+01 0.333496E+01
  0.333496E+01 0.333496E+01 0.333496E+01 0.831367E+00 0.248737E+01 0.407489E+01
  0.552505E+01 0.677839E+01 0.776927E+01 0.836968E+01 0.818536E+01 0.684274E+01
  0.543847E+01 0.460889E+01 0.407661E+01 0.345115E+01 0.294976E+01 0.260800E+01
  0.240094E+01 0.229576E+01 0.229576E+01 0.229576E+01 0.229576E+01 0.229576E+01
  0.229576E+01 0.229576E+01 0.263495E+00 0.780654E+00 0.125873E+01 0.167472E+01
  0.203668E+01 0.234910E+01 0.257216E+01 0.257891E+01 0.229408E+01 0.212685E+01
  0.207479E+01 0.183694E+01 0.134565E+01 0.933791E+00 0.657102E+00 0.493604E+00
  0.412805E+00 0.412805E+00 0.412805E+00 0.412805E+00 0.412805E+00 0.412805E+00
  0.412805E+00-0.330155E+00-0.993982E+00-0.166343E+01-0.233093E+01-0.295418E+01
 -0.347644E+01-0.380768E+01-0.371636E+01-0.293819E+01-0.186419E+01-0.935791E+00
 -0.404939E+00-0.291078E+00-0.423786E+00-0.636266E+00-0.773876E+00-0.814346E+00
 -0.814346E+00-0.814346E+00-0.814346E+00-0.814346E+00-0.814346E+00-0.814346E+00
 -0.192049E+01-0.588254E+01-0.999289E+01-0.142052E+02-0.183519E+02-0.222171E+02
 -0.252243E+02-0.267014E+02-0.258601E+02-0.203305E+02-0.123507E+02-0.537588E+01
 -0.838659E+00 0.139977E+01 0.215055E+01 0.232504E+01 0.237406E+01 0.237406E+01
  0.237406E+01 0.237406E+01 0.237406E+01 0.237406E+01 0.237406E+01-0.235407E+01
 -0.708044E+01-0.118005E+02-0.164587E+02-0.209304E+02-0.251114E+02-0.287582E+02
 -0.317964E+02-0.339772E+02-0.321534E+02-0.234226E+02-0.123739E+02-0.572972E+01
 -0.203681E+01-0.173512E+00 0.669892E+00 0.104784E+01 0.104784E+01 0.104784E+01
  0.104784E+01 0.104784E+01 0.104784E+01 0.104784E+01-0.255717E+01-0.757714E+01
 -0.124235E+02-0.170265E+02-0.212664E+02-0.250154E+02-0.283289E+02-0.315822E+02
 -0.354762E+02-0.396101E+02-0.334478E+02-0.201646E+02-0.123174E+02-0.743413E+01
 -0.435495E+01-0.264122E+01-0.175726E+01-0.175726E+01-0.175726E+01-0.175726E+01
 -0.175726E+01-0.175726E+01-0.175726E+01-0.251336E+01-0.737668E+01-0.119984E+02
 -0.163490E+02-0.203892E+02-0.240483E+02-0.274221E+02-0.305297E+02-0.339255E+02
 -0.401477E+02-0.379426E+02-0.267678E+02-0.177751E+02-0.118089E+02-0.808462E+01
 -0.572219E+01-0.408150E+01-0.408150E+01-0.408150E+01-0.408150E+01-0.408150E+01
 -0.408150E+01-0.408150E+01-0.223239E+01-0.652991E+01-0.106271E+02-0.145600E+02
 -0.183963E+02-0.221892E+02-0.259846E+02-0.293916E+02-0.322225E+02-0.369597E+02
 -0.371293E+02-0.296563E+02-0.199760E+02-0.132021E+02-0.914679E+01-0.639243E+01
 -0.417795E+01-0.417795E+01-0.417795E+01-0.417795E+01-0.417795E+01-0.417795E+01
 -0.417795E+01-0.174088E+01-0.511642E+01-0.840141E+01-0.116641E+02-0.150034E+02
 -0.185532E+02-0.224756E+02-0.269178E+02-0.315360E+02-0.343278E+02-0.331350E+02
 -0.268661E+02-0.176660E+02-0.106181E+02-0.603507E+01-0.301346E+01-0.867062E+00
 -0.867062E+00-0.867062E+00-0.867062E+00-0.867062E+00-0.867062E+00-0.867062E+00
 -0.108603E+01-0.324788E+01-0.545356E+01-0.777348E+01-0.102898E+02-0.131399E+02
 -0.165611E+02-0.211979E+02-0.269105E+02-0.288239E+02-0.262784E+02-0.201683E+02
 -0.119088E+02-0.505653E+01-0.161019E+00 0.302340E+01 0.501164E+01 0.501164E+01
  0.501164E+01 0.501164E+01 0.501164E+01 0.501164E+01 0.501164E+01-0.325831E+00
 -0.106184E+01-0.195938E+01-0.307917E+01-0.449023E+01-0.627355E+01-0.852524E+01
 -0.114529E+02-0.150100E+02-0.174577E+02-0.167529E+02-0.119425E+02-0.465055E+01
  0.147695E+01 0.594734E+01 0.908238E+01 0.112482E+02 0.112482E+02 0.112482E+02
  0.112482E+02 0.112482E+02 0.112482E+02 0.112482E+02 0.468449E+00 0.125901E+01
  0.181923E+01 0.209916E+01 0.202227E+01 0.153655E+01 0.632921E+00-0.407255E+00
 -0.147106E+01-0.429722E+01-0.580903E+01-0.332524E+01 0.161012E+01 0.585528E+01
  0.905932E+01 0.115742E+02 0.135742E+02 0.135742E+02 0.135742E+02 0.135742E+02
  0.135742E+02 0.135742E+02 0.135742E+02 0.122307E+01 0.351184E+01 0.556600E+01
  0.734236E+01 0.874742E+01 0.969902E+01 0.100890E+02 0.100982E+02 0.985237E+01
  0.752692E+01 0.538491E+01 0.530935E+01 0.643082E+01 0.776137E+01 0.907221E+01
  0.103181E+02 0.114549E+02 0.114549E+02 0.114549E+02 0.114549E+02 0.114549E+02
  0.114549E+02 0.114549E+02 0.186425E+01 0.547407E+01 0.890054E+01 0.121045E+02
  0.150100E+02 0.175206E+02 0.194454E+02 0.205092E+02 0.203108E+02 0.182514E+02
  0.160456E+02 0.143879E+02 0.126547E+02 0.114926E+02 0.108938E+02 0.106627E+02
  0.107000E+02 0.107000E+02 0.107000E+02 0.107000E+02 0.107000E+02 0.107000E+02
  0.107000E+02 0.232840E+01 0.694195E+01 0.114571E+02 0.158246E+02 0.199901E+02
  0.238634E+02 0.272691E+02 0.296395E+02 0.298850E+02 0.275415E+02 0.247076E+02
  0.221238E+02 0.190711E+02 0.164436E+02 0.144153E+02 0.129427E+02 0.120064E+02
  0.120064E+02 0.120064E+02 0.120064E+02 0.120064E+02 0.120064E+02 0.120064E+02
  0.256441E+01 0.773893E+01 0.129036E+02 0.179664E+02 0.228066E+02 0.272947E+02
  0.312992E+02 0.347332E+02 0.367661E+02 0.341705E+02 0.293305E+02 0.247971E+02
  0.205977E+02 0.171857E+02 0.145135E+02 0.124045E+02 0.108124E+02 0.108124E+02
  0.108124E+02 0.108124E+02 0.108124E+02 0.108124E+02 0.108124E+02 0.254680E+01
  0.776156E+01 0.130538E+02 0.183029E+02 0.233158E+02 0.279325E+02 0.319992E+02
  0.360063E+02 0.397267E+02 0.367539E+02 0.294418E+02 0.225759E+02 0.174494E+02
  0.137748E+02 0.111033E+02 0.899871E+01 0.729732E+01 0.729732E+01 0.729732E+01
  0.729732E+01 0.729732E+01 0.729732E+01 0.729732E+01 0.227114E+01 0.696939E+01
  0.118318E+02 0.167903E+02 0.217229E+02 0.265428E+02 0.309448E+02 0.349449E+02
  0.379440E+02 0.341583E+02 0.257443E+02 0.180174E+02 0.130101E+02 0.957458E+01
  0.717880E+01 0.552432E+01 0.439956E+01 0.439956E+01 0.439956E+01 0.439956E+01
  0.439956E+01 0.439956E+01 0.439956E+01 0.176632E+01 0.543307E+01 0.928758E+01
  0.133352E+02 0.175620E+02 0.219459E+02 0.260856E+02 0.293067E+02 0.305691E+02
  0.272180E+02 0.200733E+02 0.132201E+02 0.932273E+01 0.658692E+01 0.463170E+01
  0.352296E+01 0.309728E+01 0.309728E+01 0.309728E+01 0.309728E+01 0.309728E+01
  0.309728E+01 0.309728E+01 0.108072E+01 0.329579E+01 0.560631E+01 0.803676E+01
  0.105889E+02 0.132016E+02 0.156367E+02 0.174411E+02 0.181959E+02 0.178325E+02
  0.142930E+02 0.957818E+01 0.729865E+01 0.557963E+01 0.418944E+01 0.342315E+01
  0.322318E+01 0.322318E+01 0.322318E+01 0.322318E+01 0.322318E+01 0.322318E+01
  0.322318E+01 0.287544E+00 0.809964E+00 0.128211E+01 0.173391E+01 0.221549E+01
  0.275859E+01 0.349406E+01 0.464492E+01 0.647152E+01 0.903375E+01 0.890685E+01
  0.667259E+01 0.571945E+01 0.486653E+01 0.402392E+01 0.347615E+01 0.323649E+01
  0.323649E+01 0.323649E+01 0.323649E+01 0.323649E+01 0.323649E+01 0.323649E+01
 -0.532278E+00-0.173935E+01-0.311811E+01-0.461455E+01-0.603692E+01-0.705734E+01
 -0.713430E+01-0.552066E+01-0.193896E+01 0.176594E+01 0.355971E+01 0.369965E+01
  0.364407E+01 0.337195E+01 0.298315E+01 0.264108E+01 0.238310E+01 0.238310E+01
  0.238310E+01 0.238310E+01 0.238310E+01 0.238310E+01 0.238310E+01-0.129331E+01
 -0.405044E+01-0.702025E+01-0.101421E+02-0.131712E+02-0.156903E+02-0.169762E+02
 -0.161099E+02-0.126516E+02-0.776364E+01-0.324486E+01-0.117033E+00 0.163261E+01
  0.234067E+01 0.241893E+01 0.227892E+01 0.210953E+01 0.210953E+01 0.210953E+01
  0.210953E+01 0.210953E+01 0.210953E+01 0.210953E+01
 -0.185627E-03 0.333880E-03 0.770052E-02 0.483796E-02 0.714479E-02 0.595622E-02
  0.158469E-01
