   0.0000E+00  0.0000E+00  0.0000E+00  0.0000E+00  0.0000E+00  0.0000E+00
   0.1970E-04  0.6487E-04  0.1421E-03  0.2620E-03  0.4368E-03  0.6800E-03
   0.1006E-02  0.1433E-02  0.1976E-02  0.2656E-02  0.3492E-02  0.4506E-02
   0.5721E-02  0.7160E-02  0.8849E-02  0.1081E-01  0.1308E-01  0.1568E-01
   0.1864E-01  0.2199E-01  0.2575E-01  0.2997E-01  0.3467E-01  0.3988E-01
   0.4563E-01  0.5195E-01  0.5888E-01  0.6645E-01  0.7468E-01  0.8359E-01
   0.9323E-01  0.1036E+00  0.1148E+00  0.1267E+00  0.1395E+00  0.1530E+00
   0.1675E+00  0.1827E+00  0.1989E+00  0.2159E+00  0.2338E+00  0.2525E+00
   0.2721E+00  0.2926E+00  0.3139E+00  0.3360E+00  0.3589E+00  0.3826E+00
   0.4070E+00  0.4321E+00  0.4578E+00  0.4841E+00  0.5110E+00  0.5383E+00
   0.5660E+00  0.5941E+00  0.6225E+00  0.6510E+00  0.6797E+00  0.7083E+00
   0.7369E+00  0.7654E+00  0.7936E+00  0.8214E+00  0.8488E+00  0.8757E+00
   0.9019E+00  0.9274E+00  0.9520E+00  0.9757E+00  0.9984E+00  0.1020E+01
   0.1040E+01  0.1059E+01  0.1077E+01  0.1093E+01  0.1108E+01  0.1121E+01
   0.1133E+01  0.1143E+01  0.1151E+01  0.1157E+01  0.1162E+01  0.1164E+01
   0.1165E+01  0.1164E+01  0.1162E+01  0.1157E+01  0.1151E+01  0.1143E+01
   0.1133E+01  0.1121E+01  0.1108E+01  0.1093E+01  0.1077E+01  0.1059E+01
   0.1040E+01  0.1020E+01  0.9984E+00  0.9757E+00  0.9520E+00  0.9274E+00
   0.9019E+00  0.8757E+00  0.8488E+00  0.8214E+00  0.7936E+00  0.7654E+00
   0.7369E+00  0.7083E+00  0.6797E+00  0.6510E+00  0.6225E+00  0.5941E+00
   0.5660E+00  0.5383E+00  0.5110E+00  0.4841E+00  0.4578E+00  0.4321E+00
   0.4070E+00  0.3826E+00  0.3589E+00  0.3360E+00  0.3139E+00  0.2926E+00
   0.2721E+00  0.2525E+00  0.2338E+00  0.2159E+00  0.1989E+00  0.1827E+00
   0.1675E+00  0.1530E+00  0.1395E+00  0.1267E+00  0.1148E+00  0.1036E+00
   0.9323E-01  0.8359E-01  0.7468E-01  0.6645E-01  0.5888E-01  0.5195E-01
   0.4563E-01  0.3988E-01  0.3467E-01  0.2997E-01  0.2575E-01  0.2199E-01
   0.1864E-01  0.1568E-01  0.1308E-01  0.1081E-01  0.8849E-02  0.7160E-02
   0.5721E-02  0.4506E-02  0.3492E-02  0.2656E-02  0.1976E-02  0.1433E-02
   0.1006E-02  0.6800E-03  0.4368E-03  0.2620E-03  0.1421E-03  0.6487E-04
   0.1970E-04  0.0000E+00  0.0000E+00  0.0000E+00  0.0000E+00  0.0000E+00
   0.0000E+00
   0.0000E+00  0.0000E+00  0.0000E+00  0.0000E+00  0.0000E+00  0.0000E+00
  -0.4809E-04 -0.1600E-03 -0.3513E-03 -0.6486E-03 -0.1082E-02 -0.1685E-02
  -0.2495E-02 -0.3551E-02 -0.4897E-02 -0.6580E-02 -0.8649E-02 -0.1116E-01
  -0.1416E-01 -0.1771E-01 -0.2187E-01 -0.2670E-01 -0.3227E-01 -0.3863E-01
  -0.4586E-01 -0.5401E-01 -0.6315E-01 -0.7335E-01 -0.8465E-01 -0.9713E-01
  -0.1108E+00 -0.1258E+00 -0.1421E+00 -0.1598E+00 -0.1788E+00 -0.1993E+00
  -0.2212E+00 -0.2446E+00 -0.2694E+00 -0.2957E+00 -0.3233E+00 -0.3523E+00
  -0.3826E+00 -0.4141E+00 -0.4468E+00 -0.4805E+00 -0.5152E+00 -0.5506E+00
  -0.5867E+00 -0.6233E+00 -0.6601E+00 -0.6970E+00 -0.7338E+00 -0.7703E+00
  -0.8061E+00 -0.8411E+00 -0.8750E+00 -0.9075E+00 -0.9383E+00 -0.9671E+00
  -0.9937E+00 -0.1018E+01 -0.1039E+01 -0.1057E+01 -0.1072E+01 -0.1083E+01
  -0.1091E+01 -0.1094E+01 -0.1093E+01 -0.1088E+01 -0.1078E+01 -0.1063E+01
  -0.1044E+01 -0.1020E+01 -0.9911E+00 -0.9573E+00 -0.9188E+00 -0.8757E+00
  -0.8280E+00 -0.7760E+00 -0.7198E+00 -0.6598E+00 -0.5961E+00 -0.5292E+00
  -0.4593E+00 -0.3868E+00 -0.3121E+00 -0.2357E+00 -0.1579E+00 -0.7916E-01
   0.1520E-15  0.7916E-01  0.1579E+00  0.2357E+00  0.3121E+00  0.3868E+00
   0.4593E+00  0.5292E+00  0.5961E+00  0.6598E+00  0.7198E+00  0.7760E+00
   0.8280E+00  0.8757E+00  0.9188E+00  0.9573E+00  0.9911E+00  0.1020E+01
   0.1044E+01  0.1063E+01  0.1078E+01  0.1088E+01  0.1093E+01  0.1094E+01
   0.1091E+01  0.1083E+01  0.1072E+01  0.1057E+01  0.1039E+01  0.1018E+01
   0.9937E+00  0.9671E+00  0.9383E+00  0.9075E+00  0.8750E+00  0.8411E+00
   0.8061E+00  0.7703E+00  0.7338E+00  0.6970E+00  0.6601E+00  0.6233E+00
   0.5867E+00  0.5506E+00  0.5152E+00  0.4805E+00  0.4468E+00  0.4141E+00
   0.3826E+00  0.3523E+00  0.3233E+00  0.2957E+00  0.2694E+00  0.2446E+00
   0.2212E+00  0.1993E+00  0.1788E+00  0.1598E+00  0.1421E+00  0.1258E+00
   0.1108E+00  0.9713E-01  0.8465E-01  0.7335E-01  0.6315E-01  0.5401E-01
   0.4586E-01  0.3863E-01  0.3227E-01  0.2670E-01  0.2187E-01  0.1771E-01
   0.1416E-01  0.1116E-01  0.8649E-02  0.6580E-02  0.4897E-02  0.3551E-02
   0.2495E-02  0.1685E-02  0.1082E-02  0.6486E-03  0.3513E-03  0.1600E-03
   0.4809E-04  0.0000E+00  0.0000E+00  0.0000E+00  0.0000E+00  0.0000E+00
   0.0000E+00
   0.0000E+00  0.0000E+00  0.0000E+00  0.0000E+00  0.0000E+00  0.0000E+00
   0.8922E-04  0.2956E-03  0.6484E-03  0.1197E-02  0.1996E-02  0.3107E-02
   0.4599E-02  0.6544E-02  0.9021E-02  0.1212E-01  0.1592E-01  0.2052E-01
   0.2602E-01  0.3251E-01  0.4011E-01  0.4891E-01  0.5902E-01  0.7054E-01
   0.8357E-01  0.9821E-01  0.1145E+00  0.1327E+00  0.1526E+00  0.1745E+00
   0.1984E+00  0.2242E+00  0.2521E+00  0.2820E+00  0.3138E+00  0.3476E+00
   0.3832E+00  0.4205E+00  0.4594E+00  0.4998E+00  0.5413E+00  0.5839E+00
   0.6271E+00  0.6707E+00  0.7143E+00  0.7576E+00  0.8001E+00  0.8414E+00
   0.8811E+00  0.9186E+00  0.9535E+00  0.9852E+00  0.1013E+01  0.1037E+01
   0.1056E+01  0.1070E+01  0.1078E+01  0.1080E+01  0.1076E+01  0.1065E+01
   0.1046E+01  0.1021E+01  0.9873E+00  0.9465E+00  0.8981E+00  0.8423E+00
   0.7792E+00  0.7092E+00  0.6327E+00  0.5501E+00  0.4622E+00  0.3695E+00
   0.2728E+00  0.1730E+00  0.7102E-01 -0.3215E-01 -0.1355E+00 -0.2379E+00
  -0.3384E+00 -0.4358E+00 -0.5291E+00 -0.6172E+00 -0.6990E+00 -0.7737E+00
  -0.8404E+00 -0.8982E+00 -0.9465E+00 -0.9847E+00 -0.1012E+01 -0.1029E+01
  -0.1035E+01 -0.1029E+01 -0.1012E+01 -0.9847E+00 -0.9465E+00 -0.8982E+00
  -0.8404E+00 -0.7737E+00 -0.6990E+00 -0.6172E+00 -0.5291E+00 -0.4358E+00
  -0.3384E+00 -0.2379E+00 -0.1355E+00 -0.3215E-01  0.7102E-01  0.1730E+00
   0.2728E+00  0.3695E+00  0.4622E+00  0.5501E+00  0.6327E+00  0.7092E+00
   0.7792E+00  0.8423E+00  0.8981E+00  0.9465E+00  0.9873E+00  0.1021E+01
   0.1046E+01  0.1065E+01  0.1076E+01  0.1080E+01  0.1078E+01  0.1070E+01
   0.1056E+01  0.1037E+01  0.1013E+01  0.9852E+00  0.9535E+00  0.9186E+00
   0.8811E+00  0.8414E+00  0.8001E+00  0.7576E+00  0.7143E+00  0.6707E+00
   0.6271E+00  0.5839E+00  0.5413E+00  0.4998E+00  0.4594E+00  0.4205E+00
   0.3832E+00  0.3476E+00  0.3138E+00  0.2820E+00  0.2521E+00  0.2242E+00
   0.1984E+00  0.1745E+00  0.1526E+00  0.1327E+00  0.1145E+00  0.9821E-01
   0.8357E-01  0.7054E-01  0.5902E-01  0.4891E-01  0.4011E-01  0.3251E-01
   0.2602E-01  0.2052E-01  0.1592E-01  0.1212E-01  0.9021E-02  0.6544E-02
   0.4599E-02  0.3107E-02  0.1996E-02  0.1197E-02  0.6484E-03  0.2956E-03
   0.8922E-04  0.0000E+00  0.0000E+00  0.0000E+00  0.0000E+00  0.0000E+00
   0.0000E+00
   0.1732E-33  0.1133E-04  0.4010E-04  0.7061E-04  0.7670E-04  0.2175E-04
  -0.1413E-03 -0.4698E-03 -0.1032E-02 -0.1904E-02 -0.3176E-02 -0.4945E-02
  -0.7317E-02 -0.1041E-01 -0.1434E-01 -0.1926E-01 -0.2528E-01 -0.3256E-01
  -0.4124E-01 -0.5148E-01 -0.6342E-01 -0.7721E-01 -0.9299E-01 -0.1109E+00
  -0.1311E+00 -0.1536E+00 -0.1785E+00 -0.2060E+00 -0.2361E+00 -0.2687E+00
  -0.3039E+00 -0.3416E+00 -0.3817E+00 -0.4240E+00 -0.4683E+00 -0.5145E+00
  -0.5620E+00 -0.6107E+00 -0.6600E+00 -0.7095E+00 -0.7586E+00 -0.8066E+00
  -0.8530E+00 -0.8971E+00 -0.9380E+00 -0.9751E+00 -0.1007E+01 -0.1034E+01
  -0.1055E+01 -0.1069E+01 -0.1075E+01 -0.1072E+01 -0.1061E+01 -0.1040E+01
  -0.1009E+01 -0.9677E+00 -0.9164E+00 -0.8548E+00 -0.7832E+00 -0.7020E+00
  -0.6118E+00 -0.5133E+00 -0.4075E+00 -0.2955E+00 -0.1786E+00 -0.5831E-01
   0.6375E-01  0.1859E+00  0.3063E+00  0.4230E+00  0.5343E+00  0.6383E+00
   0.7330E+00  0.8169E+00  0.8883E+00  0.9459E+00  0.9884E+00  0.1015E+01
   0.1025E+01  0.1017E+01  0.9926E+00  0.9510E+00  0.8930E+00  0.8195E+00
   0.7315E+00  0.6307E+00  0.5186E+00  0.3973E+00  0.2689E+00  0.1357E+00
  -0.2610E-15 -0.1357E+00 -0.2689E+00 -0.3973E+00 -0.5186E+00 -0.6307E+00
  -0.7315E+00 -0.8195E+00 -0.8930E+00 -0.9510E+00 -0.9926E+00 -0.1017E+01
  -0.1025E+01 -0.1015E+01 -0.9884E+00 -0.9459E+00 -0.8883E+00 -0.8169E+00
  -0.7330E+00 -0.6383E+00 -0.5343E+00 -0.4230E+00 -0.3063E+00 -0.1859E+00
  -0.6375E-01  0.5831E-01  0.1786E+00  0.2955E+00  0.4075E+00  0.5133E+00
   0.6118E+00  0.7020E+00  0.7832E+00  0.8548E+00  0.9164E+00  0.9677E+00
   0.1009E+01  0.1040E+01  0.1061E+01  0.1072E+01  0.1075E+01  0.1069E+01
   0.1055E+01  0.1034E+01  0.1007E+01  0.9751E+00  0.9380E+00  0.8971E+00
   0.8530E+00  0.8066E+00  0.7586E+00  0.7095E+00  0.6600E+00  0.6107E+00
   0.5620E+00  0.5145E+00  0.4683E+00  0.4240E+00  0.3817E+00  0.3416E+00
   0.3039E+00  0.2687E+00  0.2361E+00  0.2060E+00  0.1785E+00  0.1536E+00
   0.1311E+00  0.1109E+00  0.9299E-01  0.7721E-01  0.6342E-01  0.5148E-01
   0.4124E-01  0.3256E-01  0.2528E-01  0.1926E-01  0.1434E-01  0.1041E-01
   0.7317E-02  0.4945E-02  0.3176E-02  0.1904E-02  0.1032E-02  0.4698E-03
   0.1413E-03 -0.2175E-04 -0.7670E-04 -0.7061E-04 -0.4010E-04 -0.1133E-04
   0.0000E+00
   0.0000E+00 -0.3436E-03 -0.6944E-03 -0.1060E-02 -0.1447E-02 -0.1864E-02
  -0.2319E-02 -0.2822E-02 -0.3383E-02 -0.4012E-02 -0.4723E-02 -0.5528E-02
  -0.6442E-02 -0.7483E-02 -0.8669E-02 -0.1002E-01 -0.1156E-01 -0.1332E-01
  -0.1532E-01 -0.1759E-01 -0.2018E-01 -0.2311E-01 -0.2643E-01 -0.3018E-01
  -0.3442E-01 -0.3918E-01 -0.4454E-01 -0.5054E-01 -0.5724E-01 -0.6471E-01
  -0.7301E-01 -0.8221E-01 -0.9236E-01 -0.1035E+00 -0.1158E+00 -0.1292E+00
  -0.1437E+00 -0.1595E+00 -0.1765E+00 -0.1947E+00 -0.2142E+00 -0.2349E+00
  -0.2568E+00 -0.2797E+00 -0.3036E+00 -0.3283E+00 -0.3536E+00 -0.3793E+00
  -0.4052E+00 -0.4309E+00 -0.4561E+00 -0.4803E+00 -0.5032E+00 -0.5242E+00
  -0.5429E+00 -0.5586E+00 -0.5709E+00 -0.5790E+00 -0.5824E+00 -0.5805E+00
  -0.5727E+00 -0.5585E+00 -0.5373E+00 -0.5086E+00 -0.4721E+00 -0.4276E+00
  -0.3747E+00 -0.3134E+00 -0.2438E+00 -0.1660E+00 -0.8055E-01  0.1222E-01
   0.1116E+00  0.2168E+00  0.3268E+00  0.4405E+00  0.5567E+00  0.6741E+00
   0.7912E+00  0.9064E+00  0.1018E+01  0.1126E+01  0.1226E+01  0.1319E+01
   0.1403E+01  0.1476E+01  0.1537E+01  0.1586E+01  0.1621E+01  0.1643E+01
   0.1650E+01  0.1643E+01  0.1621E+01  0.1586E+01  0.1537E+01  0.1476E+01
   0.1403E+01  0.1319E+01  0.1226E+01  0.1126E+01  0.1018E+01  0.9064E+00
   0.7912E+00  0.6741E+00  0.5567E+00  0.4405E+00  0.3268E+00  0.2168E+00
   0.1116E+00  0.1222E-01 -0.8055E-01 -0.1660E+00 -0.2438E+00 -0.3134E+00
  -0.3747E+00 -0.4276E+00 -0.4721E+00 -0.5086E+00 -0.5373E+00 -0.5585E+00
  -0.5727E+00 -0.5805E+00 -0.5824E+00 -0.5790E+00 -0.5709E+00 -0.5586E+00
  -0.5429E+00 -0.5242E+00 -0.5032E+00 -0.4803E+00 -0.4561E+00 -0.4309E+00
  -0.4052E+00 -0.3793E+00 -0.3536E+00 -0.3283E+00 -0.3036E+00 -0.2797E+00
  -0.2568E+00 -0.2349E+00 -0.2142E+00 -0.1947E+00 -0.1765E+00 -0.1595E+00
  -0.1437E+00 -0.1292E+00 -0.1158E+00 -0.1035E+00 -0.9236E-01 -0.8221E-01
  -0.7301E-01 -0.6471E-01 -0.5724E-01 -0.5054E-01 -0.4454E-01 -0.3918E-01
  -0.3442E-01 -0.3018E-01 -0.2643E-01 -0.2311E-01 -0.2018E-01 -0.1759E-01
  -0.1532E-01 -0.1332E-01 -0.1156E-01 -0.1002E-01 -0.8669E-02 -0.7483E-02
  -0.6442E-02 -0.5528E-02 -0.4723E-02 -0.4012E-02 -0.3383E-02 -0.2822E-02
  -0.2319E-02 -0.1864E-02 -0.1447E-02 -0.1060E-02 -0.6944E-03 -0.3436E-03
  -0.1314E-17
