   0.0000E+00 -0.3436E-03 -0.6944E-03 -0.1060E-02 -0.1447E-02 -0.1864E-02
  -0.2319E-02 -0.2822E-02 -0.3383E-02 -0.4012E-02 -0.4723E-02 -0.5528E-02
  -0.6442E-02 -0.7483E-02 -0.8669E-02 -0.1002E-01 -0.1156E-01 -0.1332E-01
  -0.1532E-01 -0.1759E-01 -0.2018E-01 -0.2311E-01 -0.2643E-01 -0.3018E-01
  -0.3442E-01 -0.3918E-01 -0.4454E-01 -0.5054E-01 -0.5724E-01 -0.6471E-01
  -0.7301E-01 -0.8221E-01 -0.9236E-01 -0.1035E+00 -0.1158E+00 -0.1292E+00
  -0.1437E+00 -0.1595E+00 -0.1765E+00 -0.1947E+00 -0.2142E+00 -0.2349E+00
  -0.2568E+00 -0.2797E+00 -0.3036E+00 -0.3283E+00 -0.3536E+00 -0.3793E+00
  -0.4052E+00 -0.4309E+00 -0.4561E+00 -0.4803E+00 -0.5032E+00 -0.5242E+00
  -0.5429E+00 -0.5586E+00 -0.5709E+00 -0.5790E+00 -0.5824E+00 -0.5805E+00
  -0.5727E+00 -0.5585E+00 -0.5373E+00 -0.5086E+00 -0.4721E+00 -0.4276E+00
  -0.3747E+00 -0.3134E+00 -0.2438E+00 -0.1660E+00 -0.8055E-01  0.1222E-01
   0.1116E+00  0.2168E+00  0.3268E+00  0.4405E+00  0.5567E+00  0.6741E+00
   0.7912E+00  0.9064E+00  0.1018E+01  0.1126E+01  0.1226E+01  0.1319E+01
   0.1403E+01  0.1476E+01  0.1537E+01  0.1586E+01  0.1621E+01  0.1643E+01
   0.1650E+01  0.1643E+01  0.1621E+01  0.1586E+01  0.1537E+01  0.1476E+01
   0.1403E+01  0.1319E+01  0.1226E+01  0.1126E+01  0.1018E+01  0.9064E+00
   0.7912E+00  0.6741E+00  0.5567E+00  0.4405E+00  0.3268E+00  0.2168E+00
   0.1116E+00  0.1222E-01 -0.8055E-01 -0.1660E+00 -0.2438E+00 -0.3134E+00
  -0.3747E+00 -0.4276E+00 -0.4721E+00 -0.5086E+00 -0.5373E+00 -0.5585E+00
  -0.5727E+00 -0.5805E+00 -0.5824E+00 -0.5790E+00 -0.5709E+00 -0.5586E+00
  -0.5429E+00 -0.5242E+00 -0.5032E+00 -0.4803E+00 -0.4561E+00 -0.4309E+00
  -0.4052E+00 -0.3793E+00 -0.3536E+00 -0.3283E+00 -0.3036E+00 -0.2797E+00
  -0.2568E+00 -0.2349E+00 -0.2142E+00 -0.1947E+00 -0.1765E+00 -0.1595E+00
  -0.1437E+00 -0.1292E+00 -0.1158E+00 -0.1035E+00 -0.9236E-01 -0.8221E-01
  -0.7301E-01 -0.6471E-01 -0.5724E-01 -0.5054E-01 -0.4454E-01 -0.3918E-01
  -0.3442E-01 -0.3018E-01 -0.2643E-01 -0.2311E-01 -0.2018E-01 -0.1759E-01
  -0.1532E-01 -0.1332E-01 -0.1156E-01 -0.1002E-01 -0.8669E-02 -0.7483E-02
  -0.6442E-02 -0.5528E-02 -0.4723E-02 -0.4012E-02 -0.3383E-02 -0.2822E-02
  -0.2319E-02 -0.1864E-02 -0.1447E-02 -0.1060E-02 -0.6944E-03 -0.3436E-03
  -0.1314E-17
