   0.1732E-33  0.1133E-04  0.4010E-04  0.7061E-04  0.7670E-04  0.2175E-04
  -0.1413E-03 -0.4698E-03 -0.1032E-02 -0.1904E-02 -0.3176E-02 -0.4945E-02
  -0.7317E-02 -0.1041E-01 -0.1434E-01 -0.1926E-01 -0.2528E-01 -0.3256E-01
  -0.4124E-01 -0.5148E-01 -0.6342E-01 -0.7721E-01 -0.9299E-01 -0.1109E+00
  -0.1311E+00 -0.1536E+00 -0.1785E+00 -0.2060E+00 -0.2361E+00 -0.2687E+00
  -0.3039E+00 -0.3416E+00 -0.3817E+00 -0.4240E+00 -0.4683E+00 -0.5145E+00
  -0.5620E+00 -0.6107E+00 -0.6600E+00 -0.7095E+00 -0.7586E+00 -0.8066E+00
  -0.8530E+00 -0.8971E+00 -0.9380E+00 -0.9751E+00 -0.1007E+01 -0.1034E+01
  -0.1055E+01 -0.1069E+01 -0.1075E+01 -0.1072E+01 -0.1061E+01 -0.1040E+01
  -0.1009E+01 -0.9677E+00 -0.9164E+00 -0.8548E+00 -0.7832E+00 -0.7020E+00
  -0.6118E+00 -0.5133E+00 -0.4075E+00 -0.2955E+00 -0.1786E+00 -0.5831E-01
   0.6375E-01  0.1859E+00  0.3063E+00  0.4230E+00  0.5343E+00  0.6383E+00
   0.7330E+00  0.8169E+00  0.8883E+00  0.9459E+00  0.9884E+00  0.1015E+01
   0.1025E+01  0.1017E+01  0.9926E+00  0.9510E+00  0.8930E+00  0.8195E+00
   0.7315E+00  0.6307E+00  0.5186E+00  0.3973E+00  0.2689E+00  0.1357E+00
  -0.2610E-15 -0.1357E+00 -0.2689E+00 -0.3973E+00 -0.5186E+00 -0.6307E+00
  -0.7315E+00 -0.8195E+00 -0.8930E+00 -0.9510E+00 -0.9926E+00 -0.1017E+01
  -0.1025E+01 -0.1015E+01 -0.9884E+00 -0.9459E+00 -0.8883E+00 -0.8169E+00
  -0.7330E+00 -0.6383E+00 -0.5343E+00 -0.4230E+00 -0.3063E+00 -0.1859E+00
  -0.6375E-01  0.5831E-01  0.1786E+00  0.2955E+00  0.4075E+00  0.5133E+00
   0.6118E+00  0.7020E+00  0.7832E+00  0.8548E+00  0.9164E+00  0.9677E+00
   0.1009E+01  0.1040E+01  0.1061E+01  0.1072E+01  0.1075E+01  0.1069E+01
   0.1055E+01  0.1034E+01  0.1007E+01  0.9751E+00  0.9380E+00  0.8971E+00
   0.8530E+00  0.8066E+00  0.7586E+00  0.7095E+00  0.6600E+00  0.6107E+00
   0.5620E+00  0.5145E+00  0.4683E+00  0.4240E+00  0.3817E+00  0.3416E+00
   0.3039E+00  0.2687E+00  0.2361E+00  0.2060E+00  0.1785E+00  0.1536E+00
   0.1311E+00  0.1109E+00  0.9299E-01  0.7721E-01  0.6342E-01  0.5148E-01
   0.4124E-01  0.3256E-01  0.2528E-01  0.1926E-01  0.1434E-01  0.1041E-01
   0.7317E-02  0.4945E-02  0.3176E-02  0.1904E-02  0.1032E-02  0.4698E-03
   0.1413E-03 -0.2175E-04 -0.7670E-04 -0.7061E-04 -0.4010E-04 -0.1133E-04
   0.0000E+00




      READ(33,4484)(HOUGH25(K),K=1,181)
 4484 FORMAT(1X,6E12.4)

