   50397.  50397.  50397.  50397.  50397.  50397.  50397.  50397.
   50397.  50397.  50397.  50397.  50397.  50397.  50397.  50397.
   50397.  50397.  50397.  46824.  46824.  45846.  45302.  45236.
   45657.  46538.  47809.  49366.  51067.  52750.  54242.  55379.
   56024.  56094.  55577.  54538.  53107.  51452.  49749.  44144.
   44144.  42365.  41342.  41158.  41856.  43414.  45735.  48637.
   51871.  55137.  58106.  60440.  61819.  62011.  60959.  58824.
   55939.  52706.  49487.  43071.  43071.  40602.  39091.  38690.
   39510.  41566.  44746.  48793.  53337.  57959.  62231.  65697.
   67850.  68245.  66718.  63542.  59321.  54731.  50300.  44222.
   44222.  41060.  38960.  38200.  39002.  41441.  45384.  50471.
   56165.  61910.  67241.  71679.  74584.  75261.  73378.  69298.
   63941.  58275.  52944.  48009.  48009.  44038.  41155.  39847.
   40502.  43268.  47981.  54125.  60923.  67642.  73815.  79039.
   82618.  83624.  81510.  76694.  70412.  63940.  57986.  54394.
   54394.  49448.  45533.  43461.  43840.  46902.  52437.  59724.
   67661.  75286.  82150.  87992.  92139.  93468.  91203.  85791.
   78779.  71747.  65433.  62367.  62367.  56359.  51246.  48254.
   48254.  51564.  57920.  66361.  75425.  83892.  91327.  97646.
    2242.   3834.   1432.  95518.  87948.  80591.  74182.  69530.
   69530.  62638.  56470.  52646.  52274.  55746.  62743.  72110.
   82078.  91203.  99062.   5721.  10638.  12398.   9845.   3515.
   95546.  88050.  81733.  72835.  72835.  65582.  58947.  54743.
   54189.  57713.  64973.  74730.  85088.  94509.   2577.   9415.
   14492.  16311.  13637.   7056.  98868.  91310.  85080.  70686.
   70686.  63758.  57491.  53565.  53135.  56608.  63663.  73130.
   83218.  92473.    473.   7277.  12300.  14059.  11366.   4810.
   96640.  89051.  82760.  64334.  64334.  58247.  52982.  49846.
   49773.  53109.  59587.  68223.  77511.  86201.  93851.    367.
    5092.   6667.   4067.  97841.  89986.  82478.  76063.  56751.
   56751.  51682.  47612.  45416.  45755.  48889.  54610.  62166.
   70399.  78290.  85362.  91352.  95568.  96854.  94422.  88761.
   81504.  74301.  67902.  50486.  50486.  46359.  43344.  41960.
   42628.  45514.  50454.  56907.  64029.  71010.  77343.  82627.
   86194.  87140.  84928.  79980.  73543.  66904.  60785.  46731.
   46731.  43401.  41195.  40403.  41260.  43850.  48034.  53422.
   59418.  65392.  70832.  75270.  78118.  78735.  76810.  72684.
   67237.  61419.  55885.  45630.  45630.  43010.  41417.  41011.
   41904.  44111.  47507.  51807.  56593.  61390.  65740.  69196.
   71298.  71648.  70101.  66903.  62618.  57896.  53274.  46806.
   46806.  44919.  43841.  43663.  44424.  46099.  48577.  51653.
   55047.  58431.  61462.  63806.  65166.  65333.  64259.  62093.
   59147.  55810.  52451.  49638.  49638.  48610.  48041.  47980.
   48435.  49374.  50722.  52360.  54139.  55884.  57419.  58577.
   59225.  59286.  58749.  57678.  56200.  54483.  52706.  53388.
   53388.  53388.  53388.  53388.  53388.  53388.  53388.  53388.
   53388.  53388.  53388.  53388.  53388.  53388.  53388.  53388.
   53388.  53388.  53388.  53388.
