 0.89 0.46 0.26 0.16 1.14 0.59 0.33 0.21 1.78 0.92 0.53 0.34 2.97 1.56 0.90 0.58 3.76 1.98 1.15 0.74
 3.02 1.58 0.92 0.59 1.73 0.90 0.52 0.33 1.06 0.54 0.31 0.20 0.88 0.45 0.26 0.16 0.89 0.46 0.26 0.16
 1.14 0.59 0.33 0.21 1.78 0.92 0.53 0.34 2.97 1.56 0.90 0.58 3.76 1.98 1.15 0.74 3.02 1.58 0.92 0.59
 1.73 0.90 0.52 0.33 1.06 0.54 0.31 0.20 0.88 0.45 0.26 0.16 0.89 0.46 0.26 0.16 1.14 0.59 0.33 0.21
 1.78 0.92 0.53 0.34 2.97 1.56 0.90 0.58 3.76 1.98 1.15 0.74 3.02 1.58 0.92 0.59 1.73 0.90 0.52 0.33
 1.06 0.54 0.31 0.20 0.88 0.45 0.26 0.16 0.89 0.46 0.26 0.16 1.14 0.59 0.33 0.21 1.78 0.92 0.53 0.34
 2.97 1.56 0.90 0.58 3.76 1.98 1.15 0.74 3.02 1.58 0.92 0.59 1.73 0.90 0.52 0.33 1.06 0.54 0.31 0.20
 0.88 0.45 0.26 0.16 0.89 0.46 0.26 0.16 1.14 0.59 0.33 0.21 1.78 0.92 0.53 0.34 2.97 1.56 0.90 0.58
 3.76 1.98 1.15 0.74 3.02 1.58 0.92 0.59 1.73 0.90 0.52 0.33 1.06 0.54 0.31 0.20 0.88 0.45 0.26 0.16
 0.89 0.46 0.26 0.16 1.14 0.59 0.33 0.21 1.78 0.92 0.53 0.34 2.97 1.56 0.90 0.58 3.76 1.98 1.15 0.74
 3.02 1.58 0.92 0.59 1.73 0.90 0.52 0.33 1.06 0.54 0.31 0.20 0.88 0.45 0.26 0.16 0.89 0.46 0.26 0.16
 1.14 0.59 0.33 0.21 1.78 0.92 0.53 0.34 2.97 1.56 0.90 0.58 3.76 1.98 1.15 0.74 3.02 1.58 0.92 0.59
 1.73 0.90 0.52 0.33 1.06 0.54 0.31 0.20 0.88 0.45 0.26 0.16 0.89 0.46 0.26 0.16 1.14 0.59 0.33 0.21
 1.78 0.92 0.53 0.34 2.97 1.56 0.90 0.58 3.76 1.98 1.15 0.74 3.02 1.58 0.92 0.59 1.73 0.90 0.52 0.33
 1.06 0.54 0.31 0.20 0.88 0.45 0.26 0.16 0.89 0.46 0.26 0.16 1.14 0.59 0.33 0.21 1.78 0.92 0.53 0.34
 2.97 1.56 0.90 0.58 3.76 1.98 1.15 0.74 3.02 1.58 0.92 0.59 1.73 0.90 0.52 0.33 1.06 0.54 0.31 0.20
 0.88 0.45 0.26 0.16 0.89 0.46 0.26 0.16 1.14 0.59 0.33 0.21 1.78 0.92 0.53 0.34 2.97 1.56 0.90 0.58
 3.76 1.98 1.15 0.74 3.02 1.58 0.92 0.59 1.73 0.90 0.52 0.33 1.06 0.54 0.31 0.20 0.88 0.45 0.26 0.16
 0.89 0.46 0.26 0.16 1.14 0.59 0.33 0.21 1.78 0.92 0.53 0.34 2.97 1.56 0.90 0.58 3.76 1.98 1.15 0.74
 3.02 1.58 0.92 0.59 1.73 0.90 0.52 0.33 1.06 0.54 0.31 0.20 0.88 0.45 0.26 0.16 0.89 0.46 0.26 0.16
 1.14 0.59 0.33 0.21 1.78 0.92 0.53 0.34 2.97 1.56 0.90 0.58 3.76 1.98 1.15 0.74 3.02 1.58 0.92 0.59
 1.73 0.90 0.52 0.33 1.06 0.54 0.31 0.20 0.88 0.45 0.26 0.16 0.89 0.46 0.26 0.16 1.14 0.59 0.33 0.21
 1.78 0.92 0.53 0.34 2.97 1.56 0.90 0.58 3.76 1.98 1.15 0.74 3.02 1.58 0.92 0.59 1.73 0.90 0.52 0.33
 1.06 0.54 0.31 0.20 0.88 0.45 0.26 0.16 0.89 0.46 0.26 0.16 1.14 0.59 0.33 0.21 1.78 0.92 0.53 0.34
 2.97 1.56 0.90 0.58 3.76 1.98 1.15 0.74 3.02 1.58 0.92 0.59 1.73 0.90 0.52 0.33 1.06 0.54 0.31 0.20
 0.88 0.45 0.26 0.16 0.89 0.46 0.26 0.16 1.14 0.59 0.33 0.21 1.78 0.92 0.53 0.34 2.97 1.56 0.90 0.58
 3.76 1.98 1.15 0.74 3.02 1.58 0.92 0.59 1.73 0.90 0.52 0.33 1.06 0.54 0.31 0.20 0.88 0.45 0.26 0.16
 0.89 0.46 0.26 0.16 1.14 0.59 0.33 0.21 1.78 0.92 0.53 0.34 2.97 1.56 0.90 0.58 3.76 1.98 1.15 0.74
 3.02 1.58 0.92 0.59 1.73 0.90 0.52 0.33 1.06 0.54 0.31 0.20 0.88 0.45 0.26 0.16 0.89 0.46 0.26 0.16
 1.14 0.59 0.33 0.21 1.78 0.92 0.53 0.34 2.97 1.56 0.90 0.58 3.76 1.98 1.15 0.74 3.02 1.58 0.92 0.59
 1.73 0.90 0.52 0.33 1.06 0.54 0.31 0.20 0.88 0.45 0.26 0.16 0.89 0.46 0.26 0.16 1.14 0.59 0.33 0.21
 1.78 0.92 0.53 0.34 2.97 1.56 0.90 0.58 3.76 1.98 1.15 0.74 3.02 1.58 0.92 0.59 1.73 0.90 0.52 0.33
 1.06 0.54 0.31 0.20 0.88 0.45 0.26 0.16 0.89 0.46 0.26 0.16 1.14 0.59 0.33 0.21 1.78 0.92 0.53 0.34
 2.97 1.56 0.90 0.58 3.76 1.98 1.15 0.74 3.02 1.58 0.92 0.59 1.73 0.90 0.52 0.33 1.06 0.54 0.31 0.20
 0.88 0.45 0.26 0.16 0.89 0.46 0.26 0.16 1.14 0.59 0.33 0.21 1.78 0.92 0.53 0.34 2.97 1.56 0.90 0.58
 3.76 1.98 1.15 0.74 3.02 1.58 0.92 0.59 1.73 0.90 0.52 0.33 1.06 0.54 0.31 0.20 0.88 0.45 0.26 0.16
 0.89 0.46 0.26 0.16 1.14 0.59 0.33 0.21 1.78 0.92 0.53 0.34 2.97 1.56 0.90 0.58 3.76 1.98 1.15 0.74
 3.02 1.58 0.92 0.59 1.73 0.90 0.52 0.33 1.06 0.54 0.31 0.20 0.88 0.45 0.26 0.16 0.89 0.46 0.26 0.16
 1.14 0.59 0.33 0.21 1.78 0.92 0.53 0.34 2.97 1.56 0.90 0.58 3.76 1.98 1.15 0.74 3.02 1.58 0.92 0.59
 1.73 0.90 0.52 0.33 1.06 0.54 0.31 0.20 0.88 0.45 0.26 0.16 0.89 0.46 0.26 0.16 1.14 0.59 0.33 0.21
 1.78 0.92 0.53 0.34 2.97 1.56 0.90 0.58 3.76 1.98 1.15 0.74 3.02 1.58 0.92 0.59 1.73 0.90 0.52 0.33
 1.06 0.54 0.31 0.20 0.88 0.45 0.26 0.16 0.89 0.46 0.26 0.16 1.14 0.59 0.33 0.21 1.78 0.92 0.53 0.34
 2.97 1.56 0.90 0.58 3.76 1.98 1.15 0.74 3.02 1.58 0.92 0.59 1.73 0.90 0.52 0.33 1.06 0.54 0.31 0.20
 0.88 0.45 0.26 0.16 1.16 0.59 0.33 0.21 1.48 0.75 0.42 0.26 2.30 1.18 0.66 0.41 3.83 1.97 1.12 0.70
 4.83 2.50 1.42 0.90 3.88 2.01 1.14 0.72 2.25 1.15 0.65 0.40 1.37 0.70 0.39 0.24 1.14 0.58 0.32 0.20
 1.16 0.59 0.33 0.20 1.49 0.75 0.42 0.26 2.33 1.18 0.67 0.41 3.89 2.00 1.13 0.71 4.92 2.54 1.44 0.90
 3.95 2.03 1.15 0.72 2.27 1.15 0.65 0.40 1.38 0.70 0.39 0.24 1.14 0.58 0.32 0.20 1.15 0.58 0.32 0.20
 1.47 0.74 0.42 0.26 2.31 1.17 0.66 0.41 3.89 1.99 1.12 0.70 4.92 2.53 1.43 0.89 3.94 2.02 1.14 0.71
 2.26 1.15 0.64 0.40 1.37 0.69 0.39 0.24 1.13 0.57 0.32 0.20 1.12 0.57 0.32 0.20 1.44 0.73 0.41 0.25
 2.26 1.15 0.64 0.40 3.82 1.95 1.10 0.68 4.84 2.48 1.40 0.87 3.87 1.98 1.12 0.70 2.21 1.12 0.63 0.39
 1.34 0.67 0.38 0.23 1.10 0.56 0.31 0.19 1.09 0.55 0.31 0.19 1.39 0.70 0.39 0.25 2.19 1.11 0.62 0.39
 3.69 1.88 1.06 0.66 4.67 2.40 1.35 0.85 3.74 1.91 1.08 0.67 2.14 1.08 0.61 0.38 1.29 0.65 0.37 0.23
 1.07 0.54 0.30 0.19 1.04 0.53 0.30 0.18 1.34 0.68 0.38 0.24 2.09 1.06 0.60 0.37 3.51 1.80 1.02 0.64
 4.45 2.29 1.30 0.81 3.56 1.83 1.03 0.65 2.04 1.04 0.58 0.36 1.24 0.63 0.35 0.22 1.02 0.52 0.29 0.18
 1.00 0.50 0.28 0.18 1.27 0.65 0.36 0.23 1.99 1.01 0.57 0.36 3.32 1.71 0.97 0.61 4.19 2.16 1.23 0.78
 3.37 1.73 0.98 0.62 1.94 0.99 0.56 0.35 1.18 0.60 0.34 0.21 0.98 0.50 0.28 0.17 0.95 0.48 0.27 0.17
 1.21 0.62 0.35 0.22 1.88 0.96 0.55 0.34 3.12 1.61 0.92 0.58 3.93 2.04 1.17 0.74 3.16 1.64 0.93 0.59
 1.83 0.94 0.53 0.33 1.12 0.57 0.32 0.20 0.93 0.47 0.27 0.17 0.90 0.46 0.26 0.16 1.15 0.59 0.33 0.21
 1.77 0.91 0.52 0.33 2.93 1.52 0.87 0.56 3.69 1.92 1.11 0.71 2.97 1.55 0.89 0.56 1.73 0.89 0.51 0.32
 1.07 0.55 0.31 0.20 0.89 0.45 0.26 0.16 0.86 0.44 0.25 0.16 1.10 0.56 0.32 0.20 1.68 0.87 0.50 0.32
 2.76 1.44 0.83 0.53 3.47 1.82 1.06 0.68 2.80 1.47 0.85 0.54 1.64 0.85 0.49 0.31 1.02 0.52 0.30 0.19
 0.85 0.44 0.25 0.16 0.83 0.43 0.25 0.16 1.05 0.54 0.31 0.20 1.61 0.84 0.48 0.31 2.62 1.38 0.80 0.52
 3.29 1.74 1.01 0.66 2.66 1.40 0.82 0.53 1.57 0.82 0.47 0.30 0.98 0.50 0.29 0.18 0.82 0.42 0.24 0.15
 0.81 0.42 0.24 0.15 1.02 0.53 0.30 0.19 1.55 0.81 0.47 0.30 2.52 1.33 0.78 0.51 3.15 1.67 0.98 0.64
 2.56 1.35 0.79 0.51 1.51 0.79 0.46 0.30 0.95 0.49 0.28 0.18 0.80 0.41 0.24 0.15 0.80 0.41 0.24 0.15
 1.00 0.52 0.30 0.19 1.52 0.80 0.46 0.30 2.45 1.30 0.77 0.50 3.05 1.63 0.97 0.63 2.48 1.32 0.78 0.51
 1.48 0.78 0.45 0.29 0.93 0.48 0.28 0.18 0.78 0.41 0.23 0.15 0.79 0.41 0.24 0.15 1.00 0.52 0.30 0.19
 1.50 0.79 0.46 0.30 2.41 1.29 0.76 0.50 3.00 1.61 0.96 0.63 2.45 1.31 0.77 0.51 1.46 0.77 0.45 0.29
 0.93 0.48 0.28 0.18 0.78 0.41 0.23 0.15 0.80 0.42 0.24 0.16 1.00 0.52 0.30 0.20 1.51 0.80 0.47 0.30
 2.41 1.29 0.77 0.50 3.00 1.62 0.96 0.64 2.45 1.31 0.78 0.51 1.47 0.78 0.46 0.30 0.93 0.49 0.28 0.18
 0.79 0.41 0.24 0.15 0.82 0.43 0.25 0.16 1.02 0.54 0.31 0.20 1.53 0.81 0.48 0.31 2.45 1.32 0.78 0.51
 3.04 1.64 0.98 0.65 2.48 1.34 0.79 0.52 1.50 0.79 0.47 0.30 0.95 0.50 0.29 0.19 0.81 0.42 0.24 0.16
 0.85 0.44 0.26 0.16 1.06 0.55 0.32 0.21 1.58 0.84 0.49 0.32 2.52 1.36 0.80 0.53 3.13 1.69 1.01 0.67
 2.56 1.38 0.82 0.54 1.54 0.82 0.48 0.31 0.98 0.52 0.30 0.19 0.83 0.43 0.25 0.16 0.88 0.46 0.27 0.17
 1.11 0.58 0.33 0.22 1.65 0.87 0.51 0.33 2.63 1.41 0.84 0.55 3.26 1.76 1.05 0.69 2.67 1.43 0.85 0.56
 1.61 0.85 0.50 0.32 1.03 0.54 0.31 0.20 0.87 0.45 0.26 0.17 0.93 0.48 0.28 0.18 1.16 0.60 0.35 0.22
 1.74 0.92 0.53 0.35 2.78 1.48 0.88 0.57 3.44 1.85 1.10 0.72 2.82 1.51 0.89 0.58 1.70 0.89 0.52 0.34
 1.08 0.56 0.32 0.21 0.91 0.47 0.27 0.17 0.98 0.50 0.29 0.18 1.23 0.64 0.37 0.23 1.84 0.97 0.56 0.36
 2.95 1.57 0.92 0.60 3.66 1.96 1.16 0.75 2.99 1.59 0.93 0.61 1.80 0.94 0.55 0.35 1.14 0.59 0.34 0.22
 0.96 0.50 0.28 0.18 1.03 0.53 0.30 0.19 1.29 0.67 0.38 0.24 1.95 1.02 0.59 0.38 3.15 1.66 0.97 0.62
 3.91 2.08 1.22 0.79 3.19 1.69 0.98 0.63 1.90 0.99 0.57 0.37 1.20 0.62 0.35 0.23 1.01 0.52 0.30 0.19
 1.07 0.55 0.31 0.20 1.36 0.70 0.40 0.25 2.06 1.07 0.61 0.39 3.35 1.76 1.02 0.65 4.18 2.21 1.28 0.82
 3.39 1.78 1.03 0.66 2.01 1.04 0.60 0.38 1.26 0.65 0.37 0.23 1.06 0.54 0.31 0.19 1.11 0.57 0.32 0.20
 1.41 0.72 0.41 0.26 2.16 1.12 0.64 0.40 3.54 1.85 1.06 0.67 4.44 2.33 1.34 0.85 3.59 1.88 1.08 0.68
 2.11 1.09 0.62 0.39 1.31 0.67 0.38 0.24 1.10 0.56 0.32 0.20 1.14 0.58 0.33 0.20 1.46 0.74 0.42 0.26
 2.25 1.15 0.65 0.41 3.71 1.92 1.10 0.69 4.66 2.43 1.39 0.88 3.76 1.95 1.11 0.70 2.19 1.12 0.64 0.40
 1.35 0.69 0.39 0.24 1.12 0.57 0.32 0.20 1.57 0.79 0.44 0.27 1.98 0.99 0.55 0.34 2.97 1.50 0.83 0.51
 4.74 2.40 1.34 0.83 5.86 2.98 1.66 1.02 4.80 2.44 1.36 0.84 2.90 1.46 0.81 0.50 1.84 0.92 0.51 0.32
 1.54 0.77 0.43 0.27 1.58 0.79 0.44 0.27 2.00 1.00 0.55 0.34 3.04 1.52 0.84 0.52 4.91 2.47 1.36 0.84
 6.10 3.07 1.70 1.04 4.97 2.50 1.39 0.85 2.96 1.48 0.82 0.50 1.85 0.93 0.51 0.31 1.55 0.78 0.43 0.26
 1.55 0.77 0.43 0.26 1.97 0.98 0.54 0.33 3.02 1.51 0.83 0.51 4.93 2.46 1.36 0.83 6.14 3.08 1.70 1.03
 4.99 2.50 1.38 0.84 2.95 1.47 0.81 0.50 1.83 0.91 0.50 0.31 1.53 0.76 0.42 0.26 1.50 0.75 0.41 0.25
 1.91 0.95 0.52 0.32 2.93 1.46 0.81 0.49 4.79 2.39 1.32 0.80 5.98 2.99 1.65 1.00 4.86 2.43 1.34 0.81
 2.86 1.43 0.79 0.48 1.77 0.88 0.49 0.30 1.47 0.73 0.41 0.25 1.43 0.71 0.39 0.24 1.81 0.90 0.50 0.31
 2.78 1.39 0.77 0.47 4.53 2.27 1.25 0.76 5.65 2.83 1.56 0.95 4.59 2.30 1.27 0.77 2.71 1.35 0.75 0.46
 1.68 0.84 0.46 0.28 1.40 0.70 0.39 0.24 1.34 0.67 0.37 0.23 1.70 0.85 0.47 0.29 2.59 1.30 0.72 0.44
 4.18 2.10 1.16 0.71 5.20 2.61 1.45 0.89 4.24 2.13 1.18 0.72 2.52 1.26 0.70 0.43 1.57 0.79 0.44 0.27
 1.32 0.66 0.37 0.23 1.25 0.63 0.35 0.22 1.57 0.79 0.44 0.27 2.38 1.20 0.67 0.41 3.80 1.92 1.07 0.66
 4.70 2.38 1.33 0.82 3.85 1.95 1.09 0.67 2.32 1.17 0.65 0.40 1.46 0.73 0.41 0.25 1.23 0.62 0.34 0.21
 1.16 0.59 0.33 0.21 1.45 0.73 0.41 0.26 2.17 1.10 0.62 0.39 3.42 1.75 0.98 0.61 4.22 2.15 1.22 0.76
 3.47 1.77 1.00 0.62 2.11 1.07 0.60 0.38 1.35 0.68 0.38 0.24 1.14 0.58 0.32 0.20 1.08 0.55 0.31 0.19
 1.34 0.68 0.39 0.24 1.98 1.01 0.57 0.36 3.09 1.59 0.91 0.57 3.78 1.95 1.12 0.70 3.13 1.61 0.92 0.58
 1.93 0.99 0.56 0.35 1.25 0.64 0.36 0.23 1.06 0.54 0.30 0.19 1.00 0.51 0.29 0.19 1.24 0.64 0.36 0.23
 1.82 0.94 0.54 0.34 2.80 1.46 0.84 0.54 3.42 1.79 1.03 0.66 2.84 1.48 0.85 0.55 1.77 0.91 0.52 0.33
 1.16 0.59 0.34 0.21 0.99 0.51 0.29 0.18 0.94 0.49 0.28 0.18 1.16 0.60 0.35 0.22 1.69 0.88 0.51 0.33
 2.58 1.36 0.79 0.51 3.14 1.66 0.97 0.63 2.62 1.38 0.80 0.52 1.64 0.86 0.50 0.32 1.08 0.56 0.32 0.21
 0.93 0.48 0.28 0.18 0.90 0.47 0.27 0.17 1.10 0.58 0.33 0.21 1.59 0.84 0.49 0.32 2.41 1.29 0.76 0.50
 2.92 1.57 0.93 0.61 2.44 1.30 0.77 0.50 1.55 0.82 0.48 0.31 1.03 0.54 0.31 0.20 0.88 0.46 0.27 0.17
 0.87 0.46 0.26 0.17 1.06 0.56 0.33 0.21 1.52 0.81 0.48 0.31 2.29 1.24 0.74 0.49 2.77 1.50 0.90 0.60
 2.32 1.25 0.75 0.49 1.48 0.79 0.47 0.30 0.99 0.52 0.30 0.20 0.86 0.45 0.26 0.17 0.86 0.45 0.26 0.17
 1.05 0.55 0.33 0.21 1.49 0.80 0.47 0.31 2.22 1.21 0.73 0.49 2.67 1.46 0.89 0.60 2.25 1.23 0.74 0.49
 1.45 0.78 0.46 0.30 0.98 0.52 0.30 0.20 0.84 0.44 0.26 0.17 0.87 0.46 0.27 0.18 1.05 0.56 0.33 0.22
 1.49 0.80 0.48 0.32 2.20 1.21 0.73 0.49 2.64 1.46 0.89 0.60 2.23 1.22 0.74 0.50 1.45 0.78 0.47 0.31
 0.98 0.52 0.31 0.20 0.85 0.45 0.27 0.17 0.89 0.47 0.28 0.18 1.08 0.58 0.34 0.22 1.52 0.82 0.49 0.33
 2.24 1.23 0.75 0.50 2.67 1.48 0.90 0.61 2.26 1.24 0.76 0.51 1.48 0.80 0.48 0.32 1.01 0.54 0.32 0.21
 0.88 0.47 0.27 0.18 0.94 0.50 0.29 0.19 1.14 0.60 0.36 0.23 1.59 0.86 0.51 0.34 2.32 1.28 0.78 0.52
 2.77 1.53 0.94 0.64 2.35 1.29 0.79 0.53 1.54 0.83 0.50 0.33 1.06 0.56 0.33 0.22 0.92 0.49 0.29 0.19
 1.00 0.53 0.31 0.20 1.21 0.64 0.38 0.25 1.69 0.91 0.54 0.36 2.48 1.35 0.82 0.55 2.95 1.62 0.99 0.67
 2.51 1.37 0.83 0.56 1.65 0.89 0.53 0.35 1.13 0.60 0.35 0.23 0.99 0.52 0.31 0.20 1.09 0.57 0.33 0.21
 1.31 0.69 0.41 0.26 1.84 0.98 0.58 0.38 2.69 1.46 0.88 0.58 3.21 1.76 1.06 0.71 2.73 1.48 0.89 0.59
 1.79 0.96 0.57 0.37 1.23 0.65 0.38 0.25 1.07 0.56 0.33 0.21 1.18 0.61 0.35 0.23 1.43 0.75 0.44 0.28
 2.02 1.07 0.63 0.41 2.98 1.60 0.95 0.62 3.56 1.93 1.15 0.76 3.01 1.62 0.96 0.63 1.96 1.04 0.61 0.40
 1.34 0.70 0.41 0.26 1.16 0.60 0.35 0.22 1.28 0.66 0.38 0.24 1.57 0.81 0.47 0.30 2.23 1.17 0.68 0.43
 3.32 1.76 1.03 0.67 3.99 2.13 1.26 0.82 3.36 1.79 1.05 0.68 2.17 1.13 0.66 0.42 1.46 0.76 0.43 0.28
 1.26 0.65 0.37 0.24 1.38 0.71 0.40 0.25 1.70 0.87 0.50 0.31 2.44 1.27 0.73 0.46 3.70 1.94 1.12 0.72
 4.48 2.36 1.37 0.88 3.74 1.97 1.14 0.73 2.38 1.23 0.71 0.45 1.58 0.81 0.46 0.29 1.36 0.69 0.39 0.25
 1.47 0.74 0.42 0.26 1.82 0.93 0.52 0.33 2.66 1.36 0.77 0.48 4.09 2.12 1.21 0.76 4.99 2.60 1.48 0.94
 4.14 2.15 1.23 0.77 2.59 1.33 0.75 0.47 1.69 0.86 0.49 0.30 1.44 0.73 0.41 0.26 1.53 0.77 0.43 0.27
 1.91 0.97 0.54 0.34 2.84 1.44 0.81 0.50 4.46 2.28 1.28 0.80 5.47 2.81 1.59 0.99 4.51 2.31 1.30 0.81
 2.77 1.41 0.79 0.49 1.78 0.90 0.50 0.31 1.51 0.76 0.43 0.26 2.04 1.02 0.56 0.34 2.50 1.25 0.69 0.42
 3.56 1.78 0.98 0.60 5.30 2.64 1.45 0.88 6.35 3.17 1.74 1.05 5.36 2.68 1.47 0.89 3.47 1.73 0.95 0.58
 2.33 1.16 0.64 0.39 2.01 1.00 0.55 0.34 2.07 1.03 0.56 0.34 2.55 1.27 0.69 0.42 3.69 1.83 1.00 0.60
 5.60 2.76 1.50 0.90 6.75 3.33 1.80 1.08 5.66 2.80 1.52 0.91 3.60 1.78 0.97 0.59 2.38 1.18 0.65 0.39
 2.03 1.01 0.55 0.34 2.04 1.01 0.55 0.34 2.54 1.25 0.69 0.42 3.72 1.83 1.00 0.60 5.69 2.79 1.51 0.90
 6.89 3.38 1.82 1.09 5.76 2.83 1.53 0.92 3.62 1.78 0.97 0.58 2.36 1.17 0.64 0.39 2.01 1.00 0.55 0.33
 1.98 0.98 0.54 0.33 2.47 1.22 0.67 0.40 3.63 1.78 0.97 0.58 5.58 2.73 1.48 0.88 6.76 3.31 1.78 1.06
 5.64 2.77 1.50 0.90 3.54 1.74 0.95 0.57 2.30 1.13 0.62 0.38 1.95 0.96 0.53 0.32 1.88 0.93 0.51 0.31
 2.35 1.16 0.63 0.39 3.44 1.69 0.92 0.56 5.27 2.59 1.40 0.84 6.37 3.13 1.70 1.02 5.33 2.62 1.42 0.85
 3.35 1.65 0.90 0.54 2.18 1.08 0.59 0.36 1.85 0.92 0.50 0.31 1.77 0.88 0.49 0.30 2.19 1.09 0.60 0.37
 3.19 1.58 0.87 0.53 4.83 2.39 1.31 0.79 5.82 2.88 1.57 0.95 4.89 2.42 1.32 0.80 3.10 1.54 0.84 0.51
 2.04 1.01 0.56 0.34 1.74 0.86 0.48 0.29 1.65 0.82 0.46 0.28 2.03 1.01 0.56 0.35 2.91 1.45 0.80 0.49
 4.34 2.17 1.20 0.73 5.19 2.59 1.43 0.87 4.39 2.19 1.21 0.74 2.83 1.41 0.78 0.48 1.89 0.94 0.52 0.32
 1.62 0.81 0.45 0.28 1.53 0.77 0.43 0.27 1.87 0.94 0.53 0.33 2.64 1.33 0.74 0.46 3.86 1.95 1.09 0.67
 4.58 2.32 1.29 0.80 3.91 1.97 1.10 0.68 2.56 1.29 0.72 0.45 1.74 0.88 0.49 0.30 1.50 0.76 0.43 0.26
 1.42 0.72 0.41 0.25 1.72 0.87 0.49 0.31 2.39 1.22 0.69 0.43 3.43 1.76 0.99 0.62 4.05 2.07 1.17 0.74
 3.47 1.78 1.01 0.63 2.32 1.18 0.67 0.42 1.60 0.81 0.46 0.29 1.40 0.71 0.40 0.25 1.32 0.68 0.38 0.24
 1.59 0.81 0.46 0.29 2.17 1.12 0.64 0.41 3.08 1.60 0.92 0.58 3.61 1.88 1.08 0.69 3.12 1.62 0.93 0.59
 2.11 1.09 0.62 0.39 1.48 0.76 0.43 0.27 1.30 0.67 0.38 0.24 1.23 0.64 0.37 0.23 1.48 0.76 0.44 0.28
 2.00 1.04 0.60 0.39 2.80 1.47 0.86 0.56 3.27 1.73 1.01 0.65 2.83 1.49 0.87 0.56 1.94 1.01 0.59 0.38
 1.38 0.71 0.41 0.26 1.22 0.63 0.36 0.23 1.16 0.61 0.35 0.23 1.38 0.73 0.42 0.27 1.86 0.98 0.58 0.37
 2.58 1.38 0.82 0.54 3.00 1.61 0.96 0.63 2.61 1.40 0.83 0.54 1.81 0.96 0.56 0.36 1.29 0.68 0.39 0.25
 1.15 0.60 0.35 0.22 1.11 0.59 0.34 0.22 1.32 0.70 0.41 0.27 1.76 0.94 0.56 0.37 2.41 1.31 0.79 0.53
 2.79 1.53 0.92 0.62 2.44 1.33 0.80 0.53 1.71 0.92 0.54 0.36 1.23 0.65 0.38 0.25 1.10 0.58 0.34 0.22
 1.08 0.58 0.34 0.22 1.28 0.68 0.41 0.27 1.69 0.91 0.55 0.37 2.30 1.26 0.77 0.52 2.64 1.46 0.90 0.61
 2.32 1.28 0.78 0.53 1.64 0.89 0.53 0.36 1.20 0.64 0.38 0.25 1.07 0.57 0.34 0.22 1.08 0.58 0.34 0.23
 1.26 0.68 0.41 0.27 1.65 0.90 0.55 0.37 2.23 1.24 0.76 0.52 2.55 1.43 0.89 0.61 2.25 1.25 0.77 0.53
 1.61 0.88 0.53 0.36 1.19 0.64 0.38 0.25 1.06 0.57 0.34 0.22 1.10 0.59 0.35 0.23 1.28 0.69 0.42 0.28
 1.66 0.91 0.56 0.38 2.22 1.24 0.77 0.53 2.53 1.42 0.89 0.62 2.24 1.25 0.78 0.53 1.62 0.89 0.54 0.37
 1.20 0.65 0.39 0.26 1.08 0.58 0.35 0.23 1.14 0.62 0.37 0.24 1.33 0.72 0.43 0.29 1.72 0.94 0.58 0.39
 2.28 1.27 0.79 0.54 2.59 1.46 0.91 0.63 2.30 1.28 0.80 0.55 1.67 0.92 0.56 0.38 1.25 0.68 0.41 0.27
 1.13 0.61 0.36 0.24 1.22 0.65 0.39 0.26 1.42 0.76 0.46 0.30 1.83 1.00 0.61 0.41 2.42 1.34 0.83 0.57
 2.74 1.54 0.95 0.66 2.44 1.36 0.84 0.57 1.78 0.97 0.59 0.40 1.33 0.72 0.43 0.29 1.20 0.64 0.38 0.25
 1.32 0.70 0.41 0.27 1.54 0.82 0.49 0.32 2.00 1.08 0.65 0.43 2.64 1.45 0.89 0.60 3.01 1.67 1.02 0.70
 2.67 1.47 0.90 0.60 1.94 1.05 0.63 0.42 1.45 0.77 0.46 0.30 1.30 0.69 0.41 0.27 1.45 0.76 0.44 0.29
 1.70 0.90 0.52 0.34 2.22 1.18 0.70 0.46 2.97 1.61 0.96 0.64 3.39 1.85 1.12 0.75 2.99 1.62 0.97 0.65
 2.15 1.15 0.68 0.45 1.59 0.84 0.49 0.32 1.43 0.75 0.44 0.28 1.59 0.82 0.47 0.30 1.88 0.98 0.56 0.36
 2.49 1.31 0.76 0.49 3.37 1.80 1.06 0.69 3.88 2.08 1.23 0.81 3.41 1.82 1.07 0.70 2.41 1.27 0.74 0.48
 1.76 0.91 0.53 0.34 1.57 0.81 0.47 0.30 1.74 0.89 0.50 0.32 2.07 1.06 0.60 0.38 2.78 1.44 0.82 0.52
 3.85 2.02 1.16 0.74 4.47 2.35 1.36 0.87 3.89 2.04 1.18 0.75 2.70 1.40 0.80 0.51 1.93 0.99 0.56 0.36
 1.71 0.88 0.50 0.31 1.87 0.95 0.53 0.33 2.25 1.14 0.64 0.40 3.08 1.57 0.89 0.55 4.37 2.24 1.27 0.80
 5.12 2.64 1.50 0.94 4.41 2.27 1.29 0.81 2.99 1.53 0.86 0.54 2.10 1.06 0.60 0.37 1.84 0.93 0.52 0.33
 1.97 0.99 0.55 0.34 2.40 1.20 0.67 0.41 3.35 1.69 0.94 0.58 4.87 2.46 1.37 0.85 5.78 2.93 1.63 1.00
 4.93 2.50 1.39 0.86 3.26 1.64 0.91 0.56 2.23 1.12 0.62 0.39 1.94 0.98 0.54 0.33 2.48 1.23 0.68 0.41
 2.95 1.46 0.80 0.49 3.94 1.95 1.07 0.64 5.38 2.65 1.44 0.87 6.19 3.04 1.65 0.99 5.44 2.68 1.46 0.88
 3.83 1.90 1.04 0.63 2.75 1.37 0.75 0.46 2.44 1.21 0.67 0.41 2.54 1.26 0.69 0.42 3.05 1.50 0.82 0.50
 4.14 2.03 1.10 0.66 5.77 2.81 1.51 0.90 6.69 3.25 1.74 1.03 5.83 2.84 1.53 0.91 4.03 1.98 1.07 0.64
 2.85 1.40 0.77 0.46 2.50 1.24 0.68 0.41 2.55 1.25 0.69 0.41 3.08 1.51 0.82 0.50 4.24 2.07 1.12 0.67
 5.98 2.89 1.55 0.92 6.96 3.36 1.79 1.05 6.04 2.93 1.56 0.93 4.12 2.01 1.09 0.65 2.87 1.41 0.77 0.46
 2.51 1.24 0.67 0.41 2.49 1.23 0.67 0.41 3.03 1.49 0.81 0.49 4.19 2.05 1.10 0.66 5.95 2.88 1.54 0.91
 6.95 3.35 1.79 1.05 6.02 2.92 1.56 0.92 4.08 1.99 1.07 0.64 2.82 1.39 0.75 0.46 2.45 1.21 0.66 0.40
 2.39 1.18 0.65 0.39 2.91 1.43 0.78 0.47 4.03 1.97 1.07 0.64 5.71 2.78 1.49 0.89 6.65 3.23 1.73 1.03
 5.77 2.81 1.51 0.90 3.92 1.92 1.04 0.62 2.71 1.33 0.73 0.44 2.35 1.16 0.64 0.39 2.26 1.12 0.62 0.38
 2.74 1.36 0.74 0.45 3.77 1.86 1.01 0.61 5.30 2.60 1.41 0.85 6.15 3.01 1.63 0.98 5.35 2.63 1.42 0.85
 3.67 1.81 0.99 0.60 2.56 1.27 0.70 0.42 2.23 1.11 0.61 0.37 2.13 1.06 0.59 0.36 2.56 1.28 0.71 0.43
 3.47 1.73 0.95 0.58 4.80 2.38 1.30 0.79 5.54 2.74 1.50 0.91 4.85 2.41 1.32 0.80 3.38 1.68 0.92 0.56
 2.39 1.19 0.66 0.41 2.10 1.05 0.58 0.36 2.00 1.01 0.56 0.35 2.38 1.20 0.67 0.41 3.18 1.59 0.89 0.55
 4.30 2.16 1.20 0.74 4.92 2.47 1.37 0.84 4.34 2.18 1.21 0.74 3.08 1.55 0.86 0.53 2.22 1.12 0.62 0.39
 1.97 0.99 0.55 0.34 1.88 0.95 0.54 0.34 2.22 1.12 0.63 0.39 2.90 1.47 0.83 0.52 3.84 1.95 1.10 0.69
 4.36 2.22 1.25 0.78 3.88 1.97 1.11 0.69 2.81 1.43 0.80 0.50 2.07 1.05 0.59 0.37 1.85 0.94 0.53 0.33
 1.77 0.90 0.51 0.32 2.07 1.06 0.60 0.38 2.65 1.36 0.78 0.49 3.45 1.78 1.02 0.64 3.89 2.01 1.15 0.73
 3.49 1.80 1.03 0.65 2.58 1.32 0.75 0.48 1.93 0.99 0.56 0.35 1.74 0.89 0.51 0.32 1.67 0.86 0.49 0.31
 1.93 1.00 0.57 0.36 2.44 1.27 0.73 0.47 3.13 1.64 0.95 0.61 3.50 1.84 1.07 0.69 3.16 1.66 0.96 0.62
 2.37 1.23 0.71 0.46 1.81 0.94 0.54 0.34 1.64 0.85 0.49 0.31 1.57 0.82 0.47 0.30 1.81 0.95 0.55 0.35
 2.26 1.19 0.70 0.45 2.86 1.52 0.90 0.59 3.17 1.70 1.01 0.67 2.88 1.54 0.91 0.60 2.20 1.16 0.68 0.44
 1.70 0.89 0.52 0.33 1.55 0.81 0.47 0.30 1.49 0.79 0.46 0.30 1.71 0.90 0.53 0.35 2.11 1.13 0.67 0.44
 2.63 1.43 0.86 0.58 2.90 1.59 0.96 0.65 2.65 1.44 0.87 0.58 2.05 1.10 0.65 0.43 1.60 0.85 0.50 0.33
 1.47 0.78 0.45 0.30 1.43 0.76 0.45 0.30 1.62 0.87 0.52 0.34 1.98 1.08 0.65 0.44 2.44 1.35 0.83 0.56
 2.68 1.49 0.92 0.63 2.46 1.36 0.84 0.57 1.93 1.05 0.63 0.43 1.52 0.82 0.49 0.32 1.41 0.75 0.45 0.29
 1.38 0.75 0.45 0.30 1.57 0.85 0.51 0.34 1.89 1.04 0.64 0.43 2.30 1.29 0.80 0.55 2.52 1.42 0.89 0.62
 2.32 1.30 0.81 0.56 1.84 1.01 0.62 0.42 1.47 0.80 0.48 0.32 1.37 0.74 0.44 0.29 1.37 0.74 0.45 0.30
 1.54 0.84 0.51 0.35 1.85 1.03 0.64 0.44 2.23 1.26 0.79 0.55 2.43 1.38 0.87 0.61 2.25 1.27 0.80 0.56
 1.80 1.00 0.62 0.42 1.45 0.79 0.48 0.33 1.35 0.73 0.44 0.30 1.39 0.75 0.46 0.31 1.56 0.86 0.52 0.35
 1.87 1.04 0.64 0.44 2.24 1.27 0.80 0.56 2.43 1.39 0.88 0.62 2.26 1.28 0.80 0.56 1.81 1.01 0.62 0.43
 1.47 0.81 0.49 0.33 1.37 0.75 0.45 0.30 1.45 0.78 0.47 0.32 1.63 0.89 0.54 0.36 1.95 1.08 0.66 0.45
 2.34 1.32 0.82 0.57 2.54 1.44 0.91 0.63 2.36 1.33 0.83 0.58 1.90 1.05 0.65 0.44 1.53 0.84 0.51 0.34
 1.43 0.77 0.47 0.31 1.55 0.83 0.50 0.33 1.75 0.95 0.57 0.38 2.11 1.16 0.70 0.47 2.55 1.42 0.87 0.60
 2.78 1.56 0.96 0.66 2.57 1.43 0.88 0.60 2.05 1.12 0.68 0.46 1.65 0.89 0.53 0.35 1.53 0.82 0.49 0.32
 1.69 0.89 0.53 0.34 1.93 1.02 0.60 0.39 2.35 1.26 0.75 0.50 2.87 1.56 0.95 0.63 3.14 1.72 1.05 0.71
 2.89 1.58 0.95 0.64 2.28 1.22 0.73 0.48 1.81 0.96 0.57 0.37 1.67 0.88 0.52 0.34 1.87 0.97 0.56 0.36
 2.14 1.12 0.65 0.42 2.64 1.39 0.81 0.53 3.28 1.75 1.03 0.68 3.62 1.94 1.15 0.76 3.31 1.77 1.04 0.68
 2.56 1.35 0.79 0.51 2.01 1.05 0.61 0.39 1.84 0.96 0.55 0.35 2.05 1.05 0.60 0.38 2.37 1.22 0.69 0.44
 2.97 1.54 0.88 0.56 3.77 1.97 1.14 0.73 4.20 2.20 1.27 0.82 3.80 1.99 1.15 0.73 2.88 1.49 0.85 0.54
 2.22 1.14 0.65 0.41 2.02 1.03 0.59 0.37 2.22 1.12 0.63 0.39 2.59 1.31 0.74 0.46 3.32 1.69 0.95 0.59
 4.31 2.20 1.24 0.78 4.86 2.49 1.40 0.88 4.35 2.23 1.26 0.78 3.22 1.64 0.92 0.57 2.42 1.23 0.69 0.43
 2.19 1.11 0.62 0.39 2.37 1.19 0.66 0.40 2.79 1.40 0.77 0.48 3.65 1.83 1.01 0.62 4.87 2.44 1.35 0.82
 5.55 2.78 1.53 0.94 4.92 2.47 1.36 0.83 3.54 1.78 0.98 0.60 2.61 1.31 0.72 0.44 2.33 1.17 0.65 0.40
 2.84 1.41 0.78 0.47 3.29 1.63 0.89 0.54 4.12 2.03 1.11 0.67 5.15 2.52 1.36 0.82 5.68 2.77 1.50 0.89
 5.20 2.55 1.38 0.82 3.99 1.97 1.07 0.65 3.08 1.53 0.84 0.51 2.80 1.39 0.77 0.47 2.96 1.46 0.80 0.48
 3.45 1.70 0.92 0.56 4.39 2.15 1.16 0.69 5.59 2.71 1.45 0.86 6.21 3.00 1.59 0.94 5.64 2.73 1.46 0.86
 4.26 2.08 1.12 0.67 3.23 1.59 0.87 0.52 2.92 1.44 0.79 0.48 3.01 1.48 0.81 0.49 3.53 1.73 0.94 0.56
 4.55 2.22 1.19 0.71 5.88 2.83 1.51 0.89 6.57 3.15 1.67 0.98 5.93 2.86 1.52 0.89 4.42 2.15 1.16 0.69
 3.31 1.62 0.88 0.53 2.97 1.46 0.80 0.48 2.98 1.47 0.80 0.48 3.52 1.72 0.94 0.56 4.57 2.22 1.20 0.71
 5.95 2.87 1.53 0.90 6.67 3.20 1.70 1.00 6.01 2.90 1.54 0.91 4.44 2.16 1.16 0.69 3.29 1.61 0.88 0.53
 2.94 1.45 0.79 0.48 2.88 1.42 0.78 0.47 3.41 1.67 0.91 0.55 4.44 2.17 1.17 0.70 5.81 2.82 1.51 0.90
 6.51 3.15 1.68 0.99 5.86 2.84 1.52 0.90 4.32 2.11 1.14 0.68 3.18 1.57 0.86 0.52 2.84 1.40 0.77 0.47
 2.73 1.36 0.75 0.46 3.23 1.60 0.88 0.53 4.21 2.07 1.13 0.68 5.48 2.68 1.45 0.87 6.13 2.99 1.61 0.96
 5.53 2.71 1.46 0.88 4.09 2.01 1.10 0.66 3.02 1.50 0.82 0.50 2.69 1.34 0.74 0.45 2.58 1.29 0.72 0.44
 3.03 1.51 0.84 0.51 3.91 1.94 1.07 0.65 5.03 2.49 1.36 0.83 5.61 2.77 1.51 0.91 5.08 2.51 1.38 0.83
 3.80 1.89 1.04 0.63 2.83 1.42 0.78 0.48 2.54 1.27 0.71 0.43 2.43 1.22 0.68 0.42 2.84 1.42 0.79 0.49
 3.60 1.81 1.00 0.62 4.56 2.28 1.26 0.78 5.05 2.52 1.40 0.86 4.60 2.30 1.28 0.78 3.50 1.75 0.97 0.60
 2.66 1.33 0.74 0.46 2.40 1.21 0.67 0.42 2.30 1.17 0.65 0.41 2.66 1.35 0.76 0.47 3.31 1.68 0.94 0.58
 4.10 2.08 1.17 0.72 4.50 2.28 1.28 0.79 4.14 2.10 1.18 0.73 3.21 1.63 0.91 0.57 2.49 1.26 0.71 0.44
 2.27 1.15 0.65 0.40 2.19 1.12 0.63 0.40 2.50 1.27 0.72 0.45 3.05 1.56 0.88 0.56 3.69 1.89 1.08 0.68
 4.01 2.06 1.17 0.74 3.72 1.91 1.09 0.68 2.96 1.51 0.86 0.54 2.35 1.20 0.68 0.42 2.16 1.10 0.62 0.39
 2.08 1.07 0.61 0.39 2.35 1.21 0.69 0.44 2.81 1.45 0.84 0.53 3.33 1.73 1.00 0.64 3.58 1.87 1.08 0.70
 3.36 1.75 1.01 0.65 2.72 1.41 0.81 0.52 2.21 1.14 0.65 0.41 2.05 1.05 0.60 0.38 1.97 1.02 0.59 0.38
 2.21 1.15 0.67 0.43 2.59 1.36 0.79 0.51 3.00 1.59 0.94 0.61 3.21 1.71 1.01 0.66 3.03 1.61 0.94 0.62
 2.51 1.32 0.77 0.50 2.07 1.08 0.63 0.40 1.95 1.01 0.58 0.37 1.85 0.98 0.57 0.37 2.06 1.09 0.64 0.42
 2.38 1.27 0.76 0.50 2.71 1.47 0.88 0.59 2.87 1.56 0.94 0.63 2.73 1.48 0.89 0.59 2.31 1.23 0.73 0.48
 1.94 1.03 0.60 0.39 1.83 0.96 0.56 0.37 1.74 0.93 0.55 0.36 1.92 1.03 0.62 0.41 2.19 1.19 0.72 0.48
 2.46 1.36 0.83 0.57 2.58 1.44 0.88 0.60 2.47 1.37 0.84 0.57 2.12 1.16 0.70 0.47 1.81 0.97 0.58 0.39
 1.72 0.92 0.55 0.36 1.64 0.89 0.53 0.36 1.80 0.98 0.60 0.40 2.04 1.13 0.69 0.47 2.26 1.27 0.79 0.55
 2.36 1.34 0.84 0.58 2.27 1.28 0.80 0.55 1.97 1.09 0.67 0.46 1.70 0.93 0.56 0.38 1.62 0.88 0.53 0.35
 1.56 0.86 0.52 0.35 1.72 0.95 0.58 0.39 1.94 1.08 0.67 0.46 2.14 1.22 0.77 0.54 2.23 1.28 0.81 0.57
 2.15 1.22 0.77 0.54 1.88 1.05 0.65 0.45 1.62 0.89 0.55 0.37 1.55 0.85 0.52 0.35 1.54 0.85 0.52 0.35
 1.69 0.93 0.57 0.39 1.91 1.07 0.67 0.46 2.11 1.21 0.76 0.54 2.21 1.27 0.81 0.57 2.12 1.21 0.77 0.54
 1.85 1.04 0.65 0.45 1.59 0.88 0.54 0.37 1.52 0.84 0.51 0.35 1.57 0.86 0.52 0.35 1.73 0.95 0.58 0.40
 1.97 1.10 0.68 0.47 2.19 1.24 0.78 0.55 2.30 1.31 0.83 0.58 2.21 1.25 0.79 0.55 1.91 1.06 0.66 0.45
 1.63 0.90 0.55 0.37 1.55 0.85 0.52 0.35 1.67 0.90 0.54 0.36 1.85 1.00 0.61 0.41 2.12 1.17 0.71 0.48
 2.38 1.33 0.83 0.57 2.51 1.41 0.88 0.61 2.40 1.34 0.83 0.57 2.05 1.13 0.69 0.47 1.74 0.95 0.57 0.38
 1.65 0.89 0.54 0.36 1.82 0.97 0.57 0.38 2.03 1.08 0.64 0.42 2.35 1.27 0.76 0.51 2.69 1.47 0.89 0.60
 2.85 1.57 0.96 0.65 2.71 1.48 0.90 0.60 2.28 1.23 0.74 0.49 1.91 1.02 0.61 0.40 1.80 0.96 0.57 0.37
 2.03 1.06 0.61 0.39 2.27 1.19 0.69 0.45 2.66 1.41 0.82 0.54 3.08 1.65 0.97 0.64 3.29 1.77 1.05 0.69
 3.11 1.66 0.98 0.64 2.58 1.36 0.80 0.52 2.13 1.12 0.65 0.42 2.00 1.04 0.60 0.39 2.25 1.15 0.66 0.41
 2.54 1.30 0.74 0.47 3.02 1.56 0.89 0.57 3.56 1.85 1.07 0.68 3.83 2.00 1.15 0.74 3.59 1.87 1.08 0.69
 2.92 1.51 0.87 0.55 2.38 1.22 0.70 0.44 2.22 1.14 0.65 0.41 2.47 1.25 0.70 0.44 2.81 1.42 0.80 0.50
 3.39 1.72 0.97 0.60 4.08 2.07 1.17 0.73 4.43 2.25 1.27 0.79 4.12 2.09 1.18 0.73 3.29 1.67 0.94 0.58
 2.63 1.33 0.75 0.47 2.44 1.23 0.69 0.43 2.67 1.34 0.74 0.46 3.07 1.53 0.85 0.52 3.77 1.88 1.04 0.64
 4.62 2.30 1.27 0.77 5.06 2.52 1.38 0.84 4.67 2.33 1.28 0.78 3.66 1.83 1.01 0.62 2.87 1.44 0.80 0.49
 2.64 1.32 0.73 0.45 3.13 1.55 0.85 0.52 3.53 1.75 0.95 0.58 4.17 2.05 1.12 0.67 4.82 2.35 1.27 0.76
 5.12 2.50 1.35 0.80 4.86 2.38 1.28 0.77 4.04 1.99 1.08 0.65 3.31 1.64 0.90 0.54 3.09 1.53 0.84 0.51
 3.30 1.63 0.89 0.54 3.75 1.84 1.00 0.60 4.49 2.19 1.18 0.71 5.26 2.54 1.36 0.81 5.62 2.71 1.44 0.85
 5.30 2.56 1.37 0.81 4.35 2.12 1.14 0.68 3.52 1.73 0.94 0.57 3.26 1.61 0.88 0.53 3.39 1.67 0.91 0.55
 3.88 1.90 1.03 0.62 4.69 2.28 1.23 0.73 5.57 2.68 1.43 0.84 5.98 2.87 1.52 0.89 5.61 2.71 1.44 0.85
 4.55 2.21 1.19 0.71 3.64 1.78 0.97 0.58 3.35 1.65 0.90 0.54 3.38 1.66 0.91 0.55 3.88 1.90 1.03 0.62
 4.75 2.31 1.25 0.74 5.70 2.75 1.47 0.87 6.14 2.95 1.57 0.92 5.74 2.77 1.48 0.87 4.61 2.24 1.21 0.72
 3.64 1.79 0.97 0.59 3.33 1.64 0.90 0.54 3.27 1.62 0.89 0.54 3.77 1.86 1.02 0.61 4.64 2.27 1.23 0.74
 5.61 2.73 1.46 0.87 6.06 2.94 1.57 0.93 5.65 2.75 1.48 0.88 4.51 2.21 1.20 0.72 3.53 1.74 0.95 0.58
 3.22 1.60 0.88 0.53 3.09 1.54 0.85 0.52 3.57 1.77 0.98 0.60 4.41 2.18 1.19 0.72 5.34 2.62 1.42 0.85
 5.77 2.83 1.53 0.91 5.38 2.64 1.43 0.86 4.28 2.11 1.16 0.70 3.35 1.66 0.92 0.56 3.05 1.52 0.84 0.51
 2.89 1.45 0.81 0.50 3.34 1.67 0.92 0.57 4.10 2.04 1.13 0.69 4.95 2.46 1.35 0.82 5.35 2.65 1.45 0.88
 4.99 2.48 1.36 0.82 3.99 1.99 1.09 0.67 3.13 1.56 0.87 0.53 2.85 1.43 0.80 0.49 2.71 1.36 0.76 0.47
 3.10 1.56 0.87 0.54 3.78 1.90 1.06 0.65 4.51 2.26 1.25 0.77 4.85 2.43 1.35 0.83 4.55 2.28 1.27 0.78
 3.67 1.84 1.02 0.63 2.91 1.46 0.82 0.51 2.67 1.34 0.75 0.47 2.55 1.29 0.72 0.45 2.90 1.47 0.82 0.51
 3.48 1.76 0.98 0.61 4.08 2.06 1.15 0.72 4.36 2.20 1.23 0.76 4.11 2.08 1.17 0.72 3.37 1.71 0.96 0.59
 2.72 1.38 0.77 0.48 2.52 1.27 0.71 0.44 2.43 1.23 0.69 0.43 2.73 1.39 0.78 0.49 3.20 1.63 0.92 0.58
 3.66 1.87 1.06 0.66 3.88 1.98 1.12 0.70 3.70 1.89 1.07 0.67 3.10 1.58 0.89 0.56 2.56 1.30 0.73 0.46
 2.40 1.22 0.69 0.43 2.32 1.18 0.67 0.42 2.57 1.32 0.75 0.47 2.94 1.51 0.86 0.55 3.28 1.70 0.97 0.62
 3.43 1.78 1.02 0.65 3.31 1.71 0.98 0.62 2.85 1.47 0.84 0.53 2.42 1.24 0.70 0.44 2.29 1.17 0.66 0.42
 2.19 1.13 0.65 0.41 2.40 1.25 0.72 0.46 2.69 1.40 0.81 0.52 2.92 1.54 0.90 0.58 3.02 1.59 0.93 0.60
 2.94 1.55 0.90 0.58 2.61 1.36 0.79 0.51 2.26 1.17 0.68 0.43 2.17 1.12 0.64 0.41 2.04 1.07 0.63 0.41
 2.22 1.17 0.69 0.45 2.44 1.30 0.77 0.50 2.59 1.39 0.83 0.55 2.65 1.43 0.85 0.57 2.61 1.40 0.83 0.55
 2.36 1.26 0.74 0.49 2.10 1.11 0.65 0.42 2.02 1.06 0.62 0.40 1.88 1.00 0.60 0.39 2.03 1.09 0.65 0.43
 2.20 1.20 0.72 0.48 2.30 1.26 0.77 0.52 2.34 1.29 0.79 0.54 2.31 1.27 0.77 0.52 2.13 1.16 0.70 0.47
 1.92 1.03 0.61 0.41 1.86 0.99 0.59 0.39 1.72 0.94 0.57 0.38 1.85 1.01 0.62 0.42 2.00 1.11 0.68 0.46
 2.08 1.16 0.72 0.50 2.10 1.18 0.74 0.51 2.09 1.17 0.73 0.50 1.94 1.07 0.66 0.45 1.75 0.96 0.58 0.39
 1.70 0.93 0.56 0.38 1.60 0.88 0.54 0.37 1.72 0.95 0.59 0.40 1.86 1.05 0.65 0.45 1.94 1.10 0.70 0.49
 1.96 1.12 0.71 0.50 1.95 1.11 0.70 0.49 1.80 1.01 0.63 0.44 1.63 0.90 0.56 0.38 1.58 0.87 0.53 0.36
 1.54 0.85 0.52 0.36 1.67 0.93 0.57 0.39 1.81 1.02 0.64 0.45 1.90 1.09 0.69 0.49 1.93 1.11 0.71 0.50
 1.91 1.09 0.69 0.49 1.76 0.99 0.62 0.43 1.57 0.88 0.54 0.37 1.52 0.84 0.52 0.35 1.56 0.86 0.53 0.36
 1.69 0.94 0.58 0.40 1.86 1.04 0.65 0.45 1.98 1.12 0.71 0.50 2.02 1.15 0.73 0.52 1.99 1.13 0.71 0.50
 1.80 1.01 0.63 0.44 1.60 0.89 0.55 0.37 1.54 0.85 0.52 0.35 1.65 0.90 0.55 0.37 1.81 0.99 0.60 0.41
 2.01 1.11 0.68 0.47 2.17 1.21 0.75 0.52 2.23 1.25 0.78 0.54 2.18 1.22 0.76 0.52 1.95 1.08 0.66 0.45
 1.71 0.93 0.57 0.38 1.64 0.89 0.54 0.36 1.83 0.98 0.58 0.38 2.01 1.08 0.64 0.43 2.26 1.22 0.74 0.49
 2.46 1.35 0.82 0.55 2.55 1.40 0.85 0.58 2.48 1.36 0.82 0.55 2.19 1.19 0.71 0.48 1.90 1.02 0.61 0.40
 1.81 0.97 0.57 0.38 2.07 1.08 0.63 0.41 2.28 1.20 0.70 0.45 2.59 1.37 0.80 0.52 2.85 1.52 0.90 0.59
 2.97 1.59 0.94 0.62 2.88 1.53 0.91 0.59 2.51 1.33 0.78 0.51 2.15 1.13 0.66 0.43 2.04 1.07 0.62 0.40
 2.34 1.20 0.69 0.43 2.60 1.34 0.76 0.48 2.97 1.54 0.88 0.56 3.31 1.72 0.99 0.63 3.46 1.80 1.04 0.66
 3.34 1.73 1.00 0.63 2.88 1.49 0.85 0.54 2.44 1.26 0.72 0.46 2.31 1.19 0.68 0.43 2.62 1.33 0.75 0.46
 2.92 1.48 0.83 0.52 3.37 1.71 0.96 0.60 3.80 1.93 1.08 0.67 4.00 2.03 1.14 0.71 3.83 1.95 1.09 0.68
 3.27 1.66 0.93 0.58 2.74 1.39 0.78 0.49 2.59 1.31 0.74 0.46 2.89 1.45 0.80 0.49 3.24 1.62 0.90 0.55
 3.78 1.89 1.04 0.63 4.31 2.14 1.18 0.72 4.56 2.26 1.24 0.75 4.35 2.16 1.19 0.72 3.66 1.83 1.01 0.61
 3.04 1.52 0.84 0.52 2.86 1.43 0.79 0.49 3.29 1.63 0.89 0.54 3.64 1.80 0.98 0.59 4.09 2.02 1.10 0.66
 4.44 2.17 1.18 0.71 4.58 2.24 1.21 0.72 4.47 2.19 1.19 0.71 3.96 1.95 1.06 0.64 3.42 1.69 0.92 0.56
 3.25 1.61 0.88 0.53 3.51 1.73 0.94 0.57 3.90 1.91 1.04 0.62 4.43 2.16 1.17 0.70 4.85 2.35 1.26 0.75
 5.01 2.43 1.30 0.77 4.88 2.37 1.27 0.76 4.29 2.09 1.13 0.68 3.66 1.80 0.98 0.59 3.47 1.71 0.93 0.56
 3.64 1.79 0.97 0.59 4.05 1.99 1.08 0.65 4.65 2.27 1.22 0.73 5.14 2.49 1.33 0.79 5.34 2.57 1.37 0.81
 5.17 2.50 1.34 0.79 4.50 2.19 1.18 0.71 3.81 1.87 1.01 0.61 3.59 1.76 0.96 0.58 3.64 1.79 0.98 0.59
 4.07 2.00 1.09 0.66 4.72 2.31 1.25 0.75 5.27 2.55 1.37 0.81 5.49 2.65 1.42 0.84 5.30 2.57 1.38 0.82
 4.57 2.23 1.21 0.72 3.83 1.88 1.03 0.62 3.59 1.77 0.97 0.58 3.52 1.75 0.96 0.58 3.96 1.96 1.07 0.65
 4.62 2.27 1.24 0.75 5.20 2.54 1.37 0.82 5.43 2.65 1.42 0.85 5.23 2.56 1.38 0.82 4.48 2.20 1.20 0.72
 3.72 1.84 1.01 0.61 3.48 1.73 0.95 0.58 3.32 1.66 0.92 0.56 3.74 1.86 1.03 0.63 4.38 2.18 1.19 0.73
 4.96 2.45 1.34 0.81 5.19 2.56 1.39 0.84 4.99 2.47 1.34 0.81 4.25 2.11 1.16 0.70 3.52 1.75 0.97 0.59
 3.28 1.64 0.91 0.56 3.08 1.55 0.86 0.53 3.47 1.74 0.97 0.60 4.07 2.04 1.13 0.69 4.62 2.30 1.27 0.77
 4.84 2.41 1.32 0.81 4.64 2.32 1.28 0.78 3.95 1.98 1.09 0.67 3.26 1.64 0.91 0.56 3.04 1.53 0.85 0.52
 2.85 1.44 0.80 0.50 3.21 1.62 0.90 0.56 3.75 1.89 1.05 0.65 4.23 2.13 1.18 0.73 4.42 2.22 1.23 0.76
 4.25 2.14 1.19 0.73 3.64 1.83 1.02 0.63 3.01 1.52 0.85 0.53 2.81 1.42 0.79 0.49 2.66 1.35 0.75 0.47
 2.98 1.50 0.84 0.52 3.44 1.74 0.97 0.60 3.83 1.94 1.09 0.67 3.99 2.02 1.13 0.70 3.86 1.96 1.09 0.68
 3.34 1.69 0.94 0.59 2.80 1.41 0.79 0.49 2.63 1.33 0.74 0.46 2.52 1.27 0.72 0.45 2.79 1.41 0.79 0.49
 3.16 1.60 0.90 0.56 3.45 1.76 0.99 0.62 3.57 1.82 1.03 0.64 3.48 1.77 1.00 0.62 3.06 1.56 0.88 0.55
 2.62 1.33 0.75 0.47 2.49 1.26 0.71 0.44 2.39 1.22 0.69 0.43 2.62 1.33 0.75 0.47 2.90 1.48 0.84 0.53
 3.09 1.59 0.90 0.57 3.16 1.63 0.93 0.58 3.11 1.60 0.91 0.57 2.81 1.44 0.82 0.51 2.46 1.26 0.71 0.45
 2.36 1.20 0.68 0.43 2.25 1.16 0.66 0.42 2.43 1.26 0.72 0.46 2.64 1.37 0.79 0.50 2.74 1.43 0.82 0.53
 2.77 1.44 0.84 0.54 2.76 1.43 0.83 0.53 2.55 1.32 0.76 0.49 2.29 1.18 0.68 0.43 2.22 1.14 0.65 0.41
 2.07 1.09 0.63 0.41 2.22 1.17 0.68 0.44 2.37 1.25 0.73 0.48 2.40 1.28 0.75 0.49 2.41 1.28 0.76 0.50
 2.42 1.28 0.76 0.50 2.29 1.21 0.71 0.46 2.10 1.10 0.64 0.42 2.05 1.07 0.62 0.40 1.87 1.00 0.59 0.39
 2.00 1.07 0.64 0.42 2.11 1.14 0.68 0.45 2.11 1.15 0.69 0.47 2.10 1.15 0.70 0.47 2.12 1.15 0.70 0.47
 2.04 1.10 0.66 0.44 1.89 1.01 0.60 0.40 1.85 0.99 0.59 0.39 1.68 0.91 0.55 0.37 1.79 0.98 0.60 0.40
 1.88 1.04 0.64 0.43 1.88 1.05 0.65 0.45 1.87 1.04 0.65 0.45 1.89 1.05 0.65 0.45 1.82 1.00 0.62 0.42
 1.69 0.93 0.56 0.38 1.66 0.90 0.55 0.37 1.53 0.85 0.52 0.36 1.64 0.91 0.56 0.39 1.73 0.97 0.61 0.42
 1.74 0.99 0.62 0.43 1.73 0.98 0.62 0.44 1.74 0.99 0.62 0.43 1.67 0.94 0.59 0.41 1.55 0.86 0.53 0.37
 1.51 0.84 0.52 0.35 1.46 0.81 0.50 0.35 1.57 0.88 0.55 0.38 1.67 0.94 0.59 0.41 1.70 0.97 0.62 0.43
 1.70 0.97 0.62 0.44 1.70 0.97 0.62 0.43 1.62 0.91 0.57 0.40 1.48 0.83 0.52 0.36 1.44 0.80 0.50 0.34
 1.47 0.82 0.51 0.35 1.59 0.89 0.55 0.38 1.72 0.97 0.60 0.42 1.77 1.01 0.63 0.44 1.78 1.01 0.64 0.45
 1.78 1.01 0.64 0.45 1.66 0.94 0.59 0.41 1.50 0.84 0.52 0.36 1.46 0.81 0.50 0.34 1.58 0.87 0.53 0.36
 1.72 0.95 0.58 0.39 1.87 1.04 0.64 0.44 1.95 1.09 0.68 0.47 1.98 1.11 0.69 0.48 1.96 1.10 0.68 0.47
 1.82 1.01 0.62 0.42 1.62 0.89 0.55 0.37 1.57 0.86 0.52 0.35 1.78 0.96 0.57 0.38 1.94 1.05 0.63 0.42
 2.13 1.16 0.70 0.47 2.24 1.23 0.74 0.50 2.28 1.25 0.76 0.51 2.26 1.23 0.75 0.50 2.07 1.12 0.68 0.45
 1.83 0.99 0.59 0.39 1.76 0.95 0.56 0.37 2.05 1.08 0.63 0.41 2.24 1.18 0.69 0.45 2.47 1.31 0.77 0.50
 2.62 1.39 0.82 0.54 2.68 1.43 0.84 0.55 2.64 1.41 0.83 0.54 2.39 1.27 0.74 0.49 2.11 1.11 0.65 0.42
 2.02 1.06 0.62 0.40 2.36 1.22 0.70 0.44 2.58 1.33 0.76 0.48 2.86 1.48 0.85 0.54 3.05 1.58 0.91 0.58
 3.13 1.62 0.93 0.59 3.08 1.60 0.92 0.58 2.77 1.43 0.82 0.52 2.43 1.25 0.72 0.46 2.33 1.20 0.69 0.44
 2.69 1.36 0.76 0.48 2.95 1.50 0.84 0.52 3.28 1.66 0.93 0.58 3.51 1.78 1.00 0.62 3.61 1.83 1.02 0.64
 3.54 1.80 1.01 0.62 3.17 1.61 0.90 0.56 2.77 1.41 0.79 0.49 2.66 1.35 0.76 0.47 3.01 1.50 0.83 0.51
 3.31 1.65 0.91 0.56 3.70 1.84 1.02 0.62 3.98 1.98 1.09 0.66 4.10 2.03 1.12 0.68 4.01 2.00 1.10 0.67
 3.58 1.78 0.98 0.60 3.11 1.55 0.86 0.53 2.97 1.49 0.82 0.50 3.34 1.65 0.90 0.54 3.62 1.79 0.97 0.59
 3.92 1.93 1.05 0.63 4.05 1.99 1.08 0.65 4.08 2.00 1.09 0.65 4.08 2.00 1.09 0.65 3.79 1.87 1.02 0.61
 3.41 1.68 0.92 0.56 3.30 1.63 0.89 0.54 3.59 1.76 0.96 0.57 3.90 1.91 1.04 0.62 4.25 2.08 1.12 0.67
 4.40 2.15 1.16 0.69 4.45 2.16 1.16 0.69 4.43 2.16 1.16 0.69 4.11 2.01 1.09 0.65 3.68 1.80 0.98 0.59
 3.55 1.74 0.94 0.57 3.75 1.84 1.00 0.60 4.08 2.00 1.08 0.65 4.47 2.18 1.18 0.70 4.66 2.27 1.22 0.73
 4.72 2.29 1.23 0.73 4.69 2.28 1.23 0.73 4.33 2.11 1.14 0.68 3.85 1.88 1.02 0.61 3.70 1.81 0.98 0.59
 3.78 1.86 1.01 0.61 4.13 2.03 1.10 0.66 4.55 2.23 1.21 0.72 4.77 2.33 1.26 0.75 4.83 2.35 1.27 0.76
 4.79 2.34 1.26 0.75 4.40 2.16 1.17 0.70 3.89 1.91 1.04 0.63 3.73 1.84 1.00 0.60 3.68 1.82 1.00 0.61
 4.03 2.00 1.09 0.66 4.46 2.20 1.20 0.73 4.71 2.32 1.26 0.76 4.78 2.35 1.27 0.76 4.73 2.33 1.26 0.76
 4.32 2.14 1.17 0.70 3.80 1.88 1.03 0.63 3.63 1.80 0.99 0.60 3.48 1.74 0.96 0.59 3.82 1.91 1.05 0.65
 4.25 2.12 1.17 0.71 4.50 2.24 1.23 0.75 4.57 2.27 1.24 0.75 4.52 2.25 1.23 0.75 4.11 2.05 1.13 0.69
 3.60 1.80 1.00 0.61 3.44 1.72 0.95 0.58 3.23 1.63 0.91 0.56 3.55 1.79 0.99 0.61 3.96 1.99 1.10 0.68
 4.20 2.11 1.17 0.72 4.27 2.14 1.19 0.73 4.22 2.12 1.17 0.72 3.83 1.93 1.07 0.66 3.35 1.68 0.94 0.58
 3.20 1.61 0.90 0.55 2.99 1.51 0.84 0.52 3.28 1.66 0.93 0.57 3.65 1.84 1.03 0.64 3.87 1.95 1.09 0.67
 3.94 1.99 1.11 0.68 3.89 1.97 1.10 0.68 3.54 1.79 1.00 0.62 3.09 1.56 0.87 0.54 2.95 1.49 0.83 0.52
 2.78 1.40 0.79 0.49 3.04 1.54 0.86 0.53 3.36 1.70 0.95 0.59 3.55 1.79 1.00 0.62 3.61 1.83 1.02 0.63
 3.57 1.81 1.01 0.63 3.26 1.65 0.92 0.57 2.86 1.45 0.81 0.50 2.75 1.39 0.78 0.48 2.61 1.32 0.74 0.46
 2.84 1.44 0.81 0.50 3.10 1.57 0.88 0.55 3.23 1.64 0.92 0.57 3.28 1.66 0.93 0.58 3.26 1.65 0.93 0.58
 3.00 1.52 0.85 0.53 2.67 1.35 0.76 0.47 2.57 1.30 0.73 0.45 2.45 1.24 0.70 0.44 2.65 1.35 0.76 0.48
 2.85 1.45 0.82 0.51 2.92 1.49 0.85 0.53 2.94 1.50 0.85 0.53 2.95 1.50 0.85 0.53 2.76 1.41 0.79 0.50
 2.49 1.27 0.72 0.45 2.42 1.23 0.69 0.43 2.27 1.17 0.67 0.42 2.44 1.25 0.72 0.45 2.59 1.34 0.76 0.49
 2.61 1.35 0.78 0.49 2.61 1.35 0.78 0.49 2.63 1.36 0.78 0.50 2.50 1.29 0.74 0.47 2.30 1.18 0.68 0.43
 2.24 1.15 0.66 0.42 2.06 1.08 0.63 0.40 2.20 1.15 0.67 0.43 2.31 1.22 0.71 0.46 2.30 1.21 0.71 0.46
 2.29 1.21 0.71 0.46 2.32 1.22 0.71 0.46 2.24 1.18 0.69 0.44 2.08 1.09 0.63 0.41 2.04 1.07 0.62 0.40
 1.83 0.98 0.58 0.38 1.95 1.05 0.62 0.41 2.04 1.10 0.66 0.44 2.01 1.09 0.65 0.44 1.99 1.08 0.65 0.43
 2.02 1.09 0.66 0.44 1.97 1.06 0.63 0.42 1.84 0.99 0.59 0.39 1.81 0.97 0.58 0.38 1.62 0.89 0.54 0.36
 1.72 0.95 0.58 0.39 1.80 0.99 0.61 0.41 1.78 0.98 0.61 0.41 1.75 0.97 0.60 0.41 1.79 0.99 0.61 0.41
 1.74 0.96 0.59 0.40 1.63 0.89 0.55 0.37 1.60 0.88 0.53 0.36 1.46 0.81 0.50 0.35 1.56 0.87 0.54 0.37
 1.64 0.92 0.57 0.40 1.62 0.92 0.57 0.40 1.61 0.91 0.57 0.40 1.63 0.92 0.58 0.40 1.58 0.89 0.55 0.38
 1.48 0.82 0.51 0.35 1.45 0.81 0.50 0.34 1.39 0.78 0.49 0.34 1.49 0.84 0.52 0.36 1.57 0.89 0.56 0.39
 1.57 0.89 0.57 0.40 1.56 0.89 0.56 0.40 1.58 0.90 0.57 0.40 1.52 0.86 0.54 0.38 1.41 0.79 0.50 0.34
 1.38 0.77 0.48 0.33 1.41 0.79 0.49 0.34 1.52 0.85 0.53 0.37 1.62 0.91 0.57 0.40 1.63 0.92 0.58 0.41
 1.62 0.92 0.58 0.41 1.64 0.93 0.58 0.41 1.56 0.88 0.55 0.38 1.44 0.80 0.50 0.35 1.40 0.78 0.49 0.34
 1.53 0.85 0.52 0.35 1.65 0.91 0.56 0.38 1.77 0.98 0.60 0.41 1.79 1.00 0.62 0.43 1.79 1.00 0.62 0.43
 1.80 1.01 0.62 0.43 1.71 0.95 0.59 0.40 1.56 0.86 0.53 0.36 1.52 0.84 0.51 0.35 1.74 0.94 0.56 0.38
 1.88 1.02 0.61 0.41 2.02 1.10 0.66 0.44 2.06 1.12 0.68 0.46 2.07 1.13 0.68 0.46 2.08 1.13 0.68 0.46
 1.96 1.06 0.64 0.43 1.77 0.96 0.58 0.38 1.72 0.93 0.56 0.37 2.02 1.07 0.63 0.41 2.19 1.16 0.68 0.44
 2.35 1.25 0.73 0.48 2.41 1.28 0.75 0.49 2.42 1.29 0.76 0.50 2.43 1.29 0.76 0.49 2.28 1.21 0.71 0.46
 2.06 1.09 0.64 0.42 2.00 1.06 0.62 0.40 2.35 1.21 0.69 0.44 2.54 1.31 0.75 0.48 2.73 1.41 0.81 0.52
 2.81 1.45 0.83 0.53 2.83 1.46 0.84 0.53 2.83 1.47 0.84 0.53 2.65 1.37 0.79 0.50 2.39 1.24 0.71 0.45
 2.32 1.20 0.69 0.44 2.69 1.37 0.77 0.48 2.91 1.48 0.83 0.52 3.14 1.59 0.89 0.55 3.22 1.63 0.92 0.57
 3.25 1.65 0.92 0.57 3.25 1.65 0.92 0.57 3.03 1.54 0.86 0.54 2.74 1.39 0.78 0.49 2.66 1.35 0.76 0.47
 3.03 1.51 0.84 0.51 3.28 1.64 0.90 0.55 3.54 1.76 0.97 0.59 3.64 1.81 1.00 0.61 3.67 1.83 1.01 0.61
 3.67 1.83 1.01 0.61 3.42 1.71 0.94 0.58 3.09 1.54 0.85 0.52 3.00 1.50 0.83 0.51 3.37 1.66 0.90 0.55
 3.59 1.77 0.96 0.58 3.75 1.85 1.01 0.61 3.72 1.83 1.00 0.60 3.70 1.82 0.99 0.60 3.75 1.85 1.01 0.61
 3.63 1.79 0.97 0.59 3.38 1.67 0.91 0.55 3.33 1.64 0.89 0.54 3.65 1.78 0.97 0.58 3.89 1.90 1.03 0.62
 4.08 1.99 1.08 0.65 4.05 1.98 1.07 0.64 4.01 1.96 1.06 0.64 4.07 1.99 1.08 0.65 3.94 1.93 1.04 0.63
 3.67 1.79 0.97 0.58 3.61 1.77 0.95 0.57 3.85 1.88 1.02 0.61 4.11 2.01 1.08 0.65 4.31 2.10 1.14 0.68
 4.28 2.09 1.13 0.68 4.24 2.07 1.12 0.67 4.30 2.10 1.13 0.68 4.17 2.04 1.10 0.66 3.88 1.89 1.02 0.61
 3.81 1.86 1.00 0.60 3.93 1.93 1.04 0.63 4.19 2.06 1.11 0.67 4.40 2.16 1.17 0.70 4.38 2.15 1.16 0.70
 4.33 2.12 1.15 0.69 4.39 2.16 1.17 0.70 4.26 2.09 1.13 0.68 3.97 1.94 1.05 0.63 3.89 1.91 1.03 0.62
 3.88 1.92 1.05 0.63 4.14 2.05 1.12 0.68 4.35 2.15 1.17 0.71 4.32 2.14 1.17 0.71 4.27 2.11 1.15 0.70
 4.33 2.14 1.17 0.71 4.21 2.08 1.14 0.69 3.91 1.93 1.06 0.64 3.84 1.90 1.04 0.63 3.71 1.85 1.02 0.62
 3.96 1.98 1.09 0.67 4.16 2.08 1.15 0.70 4.14 2.07 1.14 0.70 4.09 2.04 1.13 0.69 4.15 2.07 1.14 0.70
 4.03 2.01 1.11 0.68 3.75 1.87 1.03 0.63 3.67 1.83 1.01 0.62 3.48 1.75 0.97 0.60 3.71 1.87 1.04 0.64
 3.90 1.96 1.09 0.67 3.88 1.95 1.08 0.67 3.84 1.93 1.07 0.66 3.89 1.96 1.09 0.67 3.78 1.90 1.06 0.65
 3.51 1.77 0.98 0.60 3.44 1.73 0.96 0.59 3.24 1.63 0.91 0.56 3.45 1.74 0.97 0.60 3.63 1.83 1.02 0.63
 3.60 1.82 1.02 0.63 3.57 1.80 1.01 0.62 3.62 1.83 1.02 0.63 3.51 1.77 0.99 0.61 3.26 1.65 0.92 0.57
 3.20 1.62 0.90 0.56 3.00 1.52 0.85 0.53 3.20 1.62 0.91 0.56 3.36 1.70 0.95 0.59 3.34 1.69 0.95 0.59
 3.31 1.67 0.94 0.58 3.36 1.70 0.95 0.59 3.25 1.64 0.92 0.57 3.02 1.53 0.86 0.53 2.97 1.50 0.84 0.52
 2.79 1.41 0.79 0.49 2.97 1.50 0.84 0.52 3.11 1.58 0.88 0.55 3.09 1.57 0.88 0.55 3.07 1.55 0.87 0.54
 3.12 1.58 0.88 0.55 3.01 1.52 0.86 0.53 2.80 1.42 0.80 0.50 2.76 1.39 0.78 0.49 2.57 1.31 0.74 0.46
 2.74 1.39 0.79 0.49 2.87 1.46 0.82 0.52 2.85 1.45 0.82 0.51 2.83 1.44 0.81 0.51 2.87 1.46 0.82 0.52
 2.77 1.41 0.80 0.50 2.58 1.31 0.74 0.46 2.54 1.29 0.73 0.46 2.34 1.20 0.69 0.44 2.49 1.28 0.73 0.46
 2.61 1.34 0.77 0.49 2.59 1.33 0.76 0.48 2.57 1.32 0.76 0.48 2.61 1.34 0.77 0.49 2.52 1.30 0.74 0.47
 2.35 1.21 0.69 0.44 2.31 1.19 0.68 0.43 2.08 1.09 0.64 0.41 2.22 1.16 0.68 0.44 2.32 1.22 0.71 0.46
 2.30 1.21 0.71 0.46 2.29 1.20 0.70 0.45 2.32 1.22 0.71 0.46 2.25 1.18 0.69 0.44 2.09 1.10 0.64 0.41
 2.06 1.08 0.63 0.41 1.82 0.98 0.58 0.39 1.94 1.04 0.62 0.41 2.03 1.09 0.65 0.43 2.02 1.09 0.65 0.43
 2.00 1.07 0.64 0.42 2.03 1.09 0.65 0.43 1.97 1.06 0.63 0.42 1.83 0.99 0.59 0.39 1.80 0.97 0.58 0.38
 1.60 0.88 0.54 0.37 1.70 0.94 0.57 0.39 1.79 0.98 0.60 0.41 1.77 0.98 0.60 0.41 1.75 0.96 0.59 0.40
 1.78 0.98 0.60 0.41 1.73 0.95 0.58 0.40 1.61 0.89 0.54 0.37 1.58 0.87 0.53 0.36 1.44 0.81 0.50 0.35
 1.54 0.86 0.54 0.37 1.61 0.90 0.56 0.39 1.60 0.90 0.56 0.39 1.58 0.89 0.55 0.38 1.60 0.90 0.56 0.39
 1.56 0.88 0.55 0.38 1.45 0.82 0.51 0.35 1.43 0.80 0.50 0.35 1.38 0.78 0.49 0.34 1.47 0.83 0.52 0.36
 1.54 0.87 0.55 0.38 1.52 0.86 0.54 0.38 1.50 0.85 0.54 0.37 1.53 0.86 0.54 0.38 1.49 0.84 0.53 0.37
 1.39 0.78 0.49 0.34 1.36 0.77 0.48 0.34 1.41 0.79 0.50 0.34 1.50 0.84 0.53 0.37 1.57 0.88 0.55 0.39
 1.55 0.88 0.55 0.38 1.54 0.87 0.54 0.38 1.56 0.88 0.55 0.38 1.52 0.86 0.54 0.37 1.42 0.80 0.50 0.35
 1.39 0.78 0.49 0.34 1.53 0.85 0.52 0.36 1.63 0.91 0.56 0.38 1.71 0.95 0.59 0.40 1.69 0.94 0.58 0.40
 1.67 0.93 0.57 0.39 1.70 0.94 0.58 0.40 1.65 0.92 0.57 0.39 1.54 0.86 0.53 0.36 1.52 0.84 0.52 0.35
 1.75 0.95 0.57 0.38 1.86 1.01 0.61 0.41 1.95 1.06 0.64 0.43 1.93 1.05 0.63 0.42 1.91 1.04 0.62 0.42
 1.94 1.05 0.63 0.42 1.88 1.02 0.62 0.41 1.76 0.95 0.58 0.38 1.73 0.94 0.57 0.38 2.03 1.08 0.63 0.41
 2.16 1.15 0.67 0.44 2.26 1.20 0.70 0.46 2.24 1.19 0.70 0.45 2.22 1.18 0.69 0.45 2.26 1.20 0.70 0.46
 2.19 1.16 0.68 0.44 2.04 1.08 0.64 0.41 2.01 1.06 0.62 0.41 2.36 1.22 0.70 0.44 2.51 1.30 0.74 0.47
 2.62 1.36 0.78 0.49 2.60 1.34 0.77 0.49 2.58 1.33 0.76 0.49 2.62 1.36 0.78 0.49 2.54 1.31 0.75 0.48
 2.37 1.22 0.70 0.45 2.33 1.21 0.69 0.44 2.70 1.37 0.77 0.48 2.88 1.46 0.82 0.51 3.00 1.52 0.85 0.53
 2.98 1.51 0.85 0.53 2.96 1.50 0.84 0.52 3.00 1.52 0.85 0.53 2.90 1.47 0.83 0.51 2.71 1.37 0.77 0.48
 2.67 1.35 0.76 0.47 3.04 1.52 0.84 0.51 3.24 1.61 0.89 0.54 3.38 1.69 0.93 0.57 3.36 1.67 0.92 0.56
 3.34 1.66 0.92 0.56 3.39 1.69 0.93 0.57 3.27 1.63 0.90 0.55 3.05 1.52 0.84 0.51 3.01 1.50 0.83 0.51
 3.54 1.74 0.94 0.57 3.69 1.81 0.99 0.59 3.73 1.83 1.00 0.60 3.57 1.76 0.96 0.58 3.49 1.72 0.94 0.57
 3.59 1.77 0.97 0.58 3.60 1.77 0.97 0.58 3.49 1.71 0.93 0.56 3.50 1.72 0.93 0.56 3.88 1.89 1.02 0.61
 4.05 1.97 1.06 0.63 4.07 1.99 1.08 0.64 3.88 1.90 1.03 0.62 3.79 1.86 1.01 0.61 3.91 1.92 1.04 0.62
 3.94 1.93 1.04 0.62 3.83 1.86 1.01 0.60 3.84 1.87 1.01 0.60 4.15 2.01 1.08 0.64 4.32 2.10 1.13 0.67
 4.33 2.11 1.14 0.68 4.11 2.01 1.09 0.65 3.99 1.96 1.06 0.64 4.13 2.02 1.09 0.66 4.19 2.04 1.10 0.66
 4.09 1.99 1.07 0.64 4.11 1.99 1.07 0.64 4.29 2.09 1.13 0.67 4.46 2.18 1.17 0.70 4.46 2.18 1.18 0.71
 4.20 2.07 1.12 0.68 4.07 2.01 1.09 0.66 4.21 2.07 1.13 0.68 4.31 2.11 1.14 0.69 4.23 2.06 1.11 0.66
 4.25 2.07 1.11 0.66 4.28 2.10 1.14 0.69 4.44 2.18 1.19 0.71 4.42 2.18 1.19 0.72 4.15 2.05 1.13 0.68
 4.01 1.99 1.09 0.66 4.16 2.06 1.13 0.68 4.27 2.11 1.15 0.70 4.21 2.07 1.13 0.68 4.25 2.08 1.13 0.68
 4.14 2.05 1.12 0.68 4.28 2.13 1.17 0.71 4.25 2.12 1.17 0.71 3.97 1.98 1.10 0.67 3.83 1.92 1.06 0.65
 3.98 1.99 1.10 0.67 4.11 2.05 1.13 0.69 4.07 2.02 1.11 0.67 4.10 2.03 1.11 0.68 3.90 1.95 1.08 0.66
 4.03 2.02 1.12 0.69 3.99 2.01 1.11 0.68 3.72 1.87 1.04 0.64 3.59 1.81 1.01 0.62 3.73 1.88 1.05 0.64
 3.86 1.94 1.08 0.66 3.83 1.92 1.06 0.65 3.87 1.94 1.07 0.66 3.62 1.83 1.02 0.63 3.75 1.89 1.05 0.65
 3.71 1.87 1.04 0.65 3.46 1.75 0.98 0.60 3.34 1.69 0.94 0.58 3.47 1.75 0.98 0.61 3.58 1.81 1.01 0.62
 3.55 1.79 1.00 0.62 3.59 1.81 1.01 0.62 3.33 1.69 0.94 0.58 3.45 1.75 0.98 0.61 3.43 1.73 0.97 0.60
 3.22 1.63 0.91 0.57 3.12 1.58 0.88 0.55 3.24 1.64 0.91 0.57 3.32 1.68 0.94 0.58 3.27 1.65 0.93 0.57
 3.30 1.67 0.93 0.58 3.04 1.54 0.87 0.54 3.16 1.60 0.90 0.56 3.17 1.60 0.90 0.56 3.01 1.52 0.85 0.53
 2.93 1.48 0.83 0.52 3.03 1.53 0.86 0.53 3.06 1.55 0.87 0.54 2.99 1.51 0.85 0.53 3.01 1.52 0.86 0.53
 2.73 1.39 0.79 0.50 2.86 1.46 0.83 0.52 2.90 1.48 0.84 0.52 2.80 1.42 0.80 0.50 2.75 1.40 0.79 0.49
 2.82 1.43 0.81 0.51 2.81 1.43 0.81 0.51 2.70 1.38 0.78 0.49 2.70 1.38 0.78 0.49 2.42 1.25 0.72 0.46
 2.55 1.32 0.76 0.48 2.62 1.35 0.78 0.49 2.57 1.32 0.76 0.48 2.54 1.31 0.74 0.47 2.59 1.33 0.76 0.48
 2.54 1.31 0.75 0.48 2.41 1.24 0.71 0.46 2.39 1.24 0.71 0.45 2.11 1.11 0.65 0.42 2.24 1.18 0.69 0.45
 2.33 1.22 0.71 0.46 2.31 1.21 0.70 0.46 2.29 1.20 0.70 0.45 2.32 1.22 0.71 0.46 2.25 1.18 0.69 0.45
 2.11 1.11 0.65 0.42 2.08 1.10 0.64 0.42 1.82 0.99 0.59 0.39 1.94 1.05 0.63 0.42 2.03 1.09 0.65 0.43
 2.03 1.09 0.65 0.43 2.01 1.08 0.64 0.42 2.04 1.09 0.65 0.43 1.97 1.06 0.63 0.42 1.83 0.99 0.59 0.40
 1.80 0.97 0.59 0.39 1.59 0.88 0.54 0.37 1.69 0.94 0.58 0.39 1.78 0.98 0.60 0.41 1.77 0.97 0.59 0.40
 1.76 0.96 0.59 0.40 1.78 0.98 0.60 0.40 1.72 0.95 0.58 0.40 1.60 0.89 0.55 0.37 1.57 0.87 0.54 0.37
 1.44 0.81 0.51 0.36 1.53 0.86 0.54 0.38 1.60 0.90 0.56 0.39 1.59 0.89 0.55 0.38 1.57 0.88 0.54 0.37
 1.60 0.89 0.55 0.38 1.55 0.87 0.54 0.38 1.45 0.82 0.51 0.36 1.43 0.81 0.51 0.35 1.38 0.79 0.50 0.35
 1.46 0.83 0.53 0.37 1.52 0.86 0.54 0.38 1.50 0.84 0.53 0.37 1.48 0.83 0.52 0.36 1.50 0.85 0.53 0.37
 1.47 0.83 0.52 0.37 1.38 0.79 0.50 0.35 1.37 0.78 0.49 0.35 1.42 0.81 0.51 0.36 1.50 0.85 0.53 0.37
 1.55 0.87 0.55 0.38 1.51 0.85 0.53 0.37 1.48 0.83 0.52 0.36 1.52 0.85 0.53 0.37 1.49 0.84 0.53 0.37
 1.42 0.80 0.51 0.35 1.41 0.80 0.50 0.35 1.56 0.87 0.54 0.37 1.64 0.91 0.57 0.39 1.68 0.93 0.57 0.39
 1.62 0.90 0.55 0.38 1.59 0.88 0.54 0.37 1.63 0.90 0.55 0.38 1.62 0.90 0.56 0.38 1.55 0.86 0.54 0.37
 1.54 0.86 0.53 0.37 1.79 0.97 0.59 0.40 1.87 1.02 0.62 0.41 1.90 1.03 0.62 0.42 1.83 0.99 0.60 0.40
 1.80 0.97 0.58 0.39 1.85 1.00 0.60 0.40 1.84 1.00 0.60 0.40 1.77 0.96 0.58 0.39 1.77 0.96 0.58 0.39
 2.08 1.11 0.65 0.43 2.18 1.16 0.68 0.44 2.21 1.17 0.69 0.45 2.12 1.12 0.66 0.43 2.08 1.10 0.64 0.42
 2.14 1.13 0.66 0.43 2.14 1.13 0.66 0.43 2.06 1.09 0.64 0.42 2.06 1.10 0.65 0.42 2.43 1.26 0.72 0.46
 2.54 1.31 0.75 0.48 2.56 1.33 0.76 0.48 2.46 1.27 0.73 0.46 2.42 1.25 0.71 0.45 2.48 1.28 0.73 0.47
 2.48 1.28 0.74 0.47 2.39 1.24 0.71 0.45 2.40 1.24 0.71 0.45 2.79 1.41 0.79 0.49 2.92 1.48 0.83 0.51
 2.95 1.49 0.84 0.52 2.83 1.43 0.81 0.50 2.78 1.41 0.79 0.49 2.85 1.45 0.81 0.50 2.85 1.44 0.81 0.50
 2.75 1.39 0.78 0.49 2.76 1.40 0.78 0.49 3.17 1.57 0.87 0.53 3.31 1.65 0.91 0.55 3.34 1.66 0.92 0.56
 3.20 1.60 0.88 0.54 3.14 1.57 0.87 0.53 3.23 1.61 0.89 0.54 3.23 1.61 0.89 0.54 3.12 1.55 0.86 0.52
 3.13 1.56 0.86 0.52 3.94 1.93 1.04 0.62 4.01 1.96 1.06 0.64 3.87 1.90 1.04 0.62 3.55 1.76 0.96 0.58
 3.43 1.70 0.93 0.56 3.58 1.77 0.97 0.58 3.74 1.84 1.00 0.60 3.80 1.86 1.01 0.61 3.91 1.91 1.03 0.62
 4.40 2.13 1.14 0.68 4.46 2.16 1.16 0.69 4.27 2.09 1.13 0.67 3.89 1.91 1.04 0.62 3.73 1.84 1.00 0.60
 3.91 1.92 1.04 0.63 4.14 2.02 1.09 0.65 4.23 2.05 1.10 0.66 4.36 2.11 1.13 0.67 4.76 2.30 1.22 0.72
 4.81 2.33 1.25 0.74 4.58 2.23 1.20 0.72 4.13 2.02 1.10 0.66 3.94 1.94 1.05 0.63 4.15 2.03 1.10 0.66
 4.43 2.16 1.16 0.69 4.57 2.21 1.18 0.70 4.73 2.28 1.21 0.72 4.97 2.40 1.28 0.76 5.00 2.43 1.30 0.77
 4.73 2.31 1.25 0.75 4.22 2.08 1.13 0.68 4.01 1.98 1.08 0.65 4.23 2.08 1.13 0.68 4.57 2.23 1.20 0.72
 4.76 2.31 1.24 0.73 4.93 2.38 1.27 0.75 4.98 2.43 1.31 0.78 5.00 2.44 1.32 0.79 4.69 2.31 1.25 0.75
 4.16 2.06 1.13 0.68 3.93 1.95 1.07 0.65 4.17 2.06 1.13 0.69 4.53 2.23 1.21 0.73 4.76 2.32 1.25 0.75
 4.94 2.41 1.30 0.77 4.80 2.37 1.29 0.77 4.81 2.37 1.29 0.78 4.50 2.23 1.22 0.74 3.96 1.97 1.09 0.67
 3.74 1.87 1.03 0.63 3.97 1.98 1.09 0.67 4.34 2.15 1.18 0.72 4.58 2.26 1.23 0.74 4.77 2.35 1.28 0.77
 4.49 2.23 1.23 0.75 4.49 2.24 1.23 0.75 4.19 2.10 1.16 0.71 3.69 1.85 1.03 0.63 3.48 1.75 0.97 0.60
 3.70 1.86 1.03 0.63 4.05 2.02 1.12 0.69 4.28 2.13 1.17 0.72 4.45 2.22 1.22 0.74 4.10 2.06 1.14 0.70
 4.11 2.07 1.15 0.71 3.85 1.94 1.08 0.66 3.40 1.71 0.96 0.59 3.22 1.62 0.91 0.56 3.41 1.72 0.96 0.59
 3.71 1.87 1.04 0.64 3.91 1.96 1.09 0.67 4.07 2.04 1.13 0.70 3.68 1.86 1.04 0.65 3.71 1.87 1.05 0.65
 3.50 1.77 0.99 0.61 3.13 1.58 0.89 0.55 2.98 1.51 0.84 0.52 3.15 1.59 0.89 0.55 3.38 1.71 0.96 0.59
 3.52 1.78 1.00 0.62 3.65 1.85 1.03 0.64 3.26 1.66 0.94 0.58 3.31 1.68 0.95 0.59 3.17 1.61 0.91 0.57
 2.89 1.47 0.82 0.51 2.79 1.41 0.79 0.49 2.91 1.47 0.83 0.52 3.07 1.56 0.88 0.55 3.13 1.59 0.90 0.56
 3.23 1.64 0.93 0.58 2.84 1.46 0.83 0.53 2.92 1.50 0.85 0.54 2.86 1.46 0.83 0.52 2.67 1.36 0.77 0.48
 2.60 1.32 0.75 0.47 2.69 1.37 0.78 0.49 2.76 1.41 0.80 0.51 2.76 1.42 0.81 0.51 2.82 1.45 0.83 0.52
 2.45 1.28 0.74 0.47 2.54 1.32 0.76 0.49 2.55 1.32 0.76 0.49 2.44 1.26 0.72 0.46 2.40 1.24 0.71 0.45
 2.46 1.27 0.73 0.46 2.46 1.28 0.74 0.47 2.40 1.25 0.72 0.46 2.43 1.27 0.73 0.47 2.09 1.11 0.66 0.43
 2.19 1.16 0.69 0.45 2.24 1.18 0.69 0.45 2.19 1.15 0.67 0.43 2.16 1.13 0.66 0.43 2.20 1.16 0.67 0.44
 2.16 1.14 0.67 0.44 2.07 1.10 0.65 0.43 2.07 1.10 0.65 0.43 1.79 0.98 0.59 0.40 1.89 1.03 0.62 0.42
 1.94 1.05 0.63 0.42 1.92 1.03 0.62 0.41 1.91 1.02 0.61 0.40 1.94 1.04 0.62 0.41 1.88 1.02 0.61 0.41
 1.78 0.97 0.59 0.39 1.77 0.97 0.59 0.39 1.56 0.87 0.54 0.37 1.65 0.92 0.57 0.39 1.70 0.94 0.58 0.39
 1.69 0.93 0.56 0.38 1.68 0.92 0.56 0.37 1.70 0.93 0.57 0.38 1.65 0.91 0.56 0.38 1.56 0.87 0.54 0.37
 1.55 0.87 0.54 0.37 1.42 0.81 0.51 0.36 1.50 0.85 0.53 0.37 1.54 0.87 0.54 0.38 1.52 0.85 0.52 0.36
 1.51 0.83 0.51 0.35 1.53 0.85 0.53 0.36 1.49 0.84 0.52 0.36 1.42 0.80 0.51 0.35 1.41 0.80 0.51 0.36
 1.38 0.79 0.50 0.36 1.44 0.82 0.52 0.37 1.47 0.83 0.52 0.37 1.43 0.80 0.50 0.35 1.42 0.79 0.49 0.34
 1.44 0.81 0.50 0.35 1.42 0.81 0.51 0.35 1.36 0.78 0.50 0.35 1.36 0.78 0.50 0.35 1.43 0.82 0.52 0.36
 1.49 0.85 0.53 0.37 1.50 0.85 0.53 0.37 1.44 0.81 0.50 0.35 1.42 0.79 0.49 0.33 1.45 0.81 0.50 0.35
 1.45 0.82 0.51 0.36 1.41 0.80 0.51 0.36 1.42 0.81 0.51 0.36 1.58 0.89 0.55 0.38 1.64 0.92 0.57 0.39
 1.63 0.91 0.56 0.38 1.55 0.86 0.52 0.36 1.52 0.83 0.51 0.34 1.56 0.86 0.52 0.36 1.58 0.88 0.54 0.37
 1.55 0.87 0.54 0.37 1.57 0.88 0.55 0.38 1.83 1.00 0.61 0.41 1.89 1.03 0.63 0.42 1.86 1.01 0.61 0.41
 1.75 0.95 0.57 0.38 1.71 0.92 0.55 0.36 1.77 0.95 0.57 0.38 1.80 0.98 0.59 0.39 1.79 0.98 0.59 0.40
 1.81 0.99 0.60 0.41 2.16 1.15 0.68 0.45 2.22 1.18 0.70 0.46 2.18 1.15 0.68 0.44 2.04 1.08 0.63 0.41
 1.98 1.04 0.61 0.39 2.05 1.08 0.63 0.41 2.10 1.12 0.66 0.43 2.10 1.12 0.66 0.43 2.14 1.14 0.68 0.44
 2.56 1.33 0.76 0.49 2.62 1.36 0.78 0.50 2.56 1.32 0.76 0.48 2.38 1.23 0.70 0.45 2.32 1.19 0.68 0.43
 2.40 1.24 0.71 0.45 2.47 1.28 0.73 0.47 2.48 1.28 0.74 0.47 2.53 1.31 0.76 0.48 2.99 1.52 0.85 0.53
 3.06 1.55 0.87 0.54 2.98 1.51 0.85 0.53 2.76 1.40 0.79 0.49 2.68 1.36 0.76 0.47 2.79 1.41 0.79 0.49
 2.88 1.46 0.82 0.51 2.89 1.47 0.82 0.51 2.97 1.50 0.84 0.52 3.46 1.72 0.94 0.57 3.53 1.75 0.96 0.59
 3.42 1.70 0.94 0.57 3.16 1.58 0.87 0.54 3.06 1.53 0.85 0.52 3.19 1.59 0.88 0.54 3.31 1.65 0.91 0.56
 3.34 1.66 0.91 0.56 3.43 1.70 0.93 0.57 4.47 2.18 1.18 0.70 4.40 2.15 1.16 0.70 4.02 1.97 1.07 0.65
 3.50 1.73 0.95 0.57 3.32 1.65 0.90 0.55 3.52 1.74 0.95 0.58 3.88 1.91 1.04 0.63 4.19 2.05 1.11 0.66
 4.44 2.17 1.17 0.70 5.08 2.45 1.31 0.77 4.98 2.41 1.29 0.76 4.49 2.19 1.18 0.70 3.87 1.90 1.03 0.62
 3.63 1.79 0.98 0.59 3.88 1.91 1.04 0.62 4.34 2.11 1.14 0.68 4.74 2.29 1.23 0.73 5.05 2.43 1.30 0.77
 5.57 2.67 1.42 0.83 5.42 2.61 1.39 0.82 4.85 2.35 1.26 0.75 4.12 2.02 1.09 0.66 3.85 1.89 1.03 0.62
 4.13 2.03 1.10 0.66 4.68 2.27 1.22 0.73 5.18 2.49 1.33 0.78 5.53 2.65 1.41 0.83 5.84 2.80 1.49 0.88
 5.66 2.73 1.46 0.86 5.01 2.44 1.31 0.78 4.22 2.07 1.12 0.68 3.92 1.93 1.05 0.64 4.22 2.07 1.13 0.68
 4.84 2.35 1.27 0.76 5.41 2.61 1.39 0.82 5.80 2.79 1.48 0.87 5.82 2.82 1.51 0.89 5.63 2.74 1.47 0.87
 4.97 2.43 1.31 0.79 4.14 2.04 1.12 0.68 3.84 1.90 1.04 0.63 4.15 2.05 1.12 0.68 4.79 2.34 1.27 0.76
 5.39 2.62 1.40 0.83 5.79 2.80 1.50 0.89 5.55 2.72 1.47 0.88 5.37 2.63 1.43 0.86 4.72 2.33 1.27 0.77
 3.93 1.95 1.07 0.65 3.64 1.81 1.00 0.61 3.94 1.96 1.07 0.65 4.55 2.25 1.23 0.74 5.13 2.52 1.36 0.82
 5.52 2.70 1.46 0.87 5.09 2.52 1.38 0.84 4.93 2.45 1.34 0.81 4.35 2.16 1.19 0.73 3.63 1.81 1.00 0.62
 3.37 1.69 0.94 0.58 3.64 1.82 1.01 0.62 4.19 2.09 1.15 0.70 4.71 2.34 1.28 0.78 5.06 2.51 1.37 0.83
 4.53 2.27 1.26 0.77 4.40 2.21 1.22 0.75 3.92 1.97 1.09 0.67 3.31 1.66 0.93 0.57 3.08 1.55 0.86 0.53
 3.32 1.67 0.93 0.57 3.78 1.90 1.05 0.65 4.20 2.11 1.17 0.72 4.50 2.26 1.25 0.76 3.95 2.00 1.12 0.69
 3.87 1.96 1.10 0.68 3.49 1.76 0.99 0.61 3.00 1.51 0.85 0.53 2.82 1.42 0.80 0.49 3.01 1.52 0.85 0.53
 3.37 1.70 0.95 0.59 3.69 1.86 1.04 0.65 3.92 1.99 1.11 0.69 3.40 1.74 0.98 0.62 3.36 1.71 0.97 0.61
 3.08 1.57 0.89 0.55 2.71 1.38 0.78 0.48 2.58 1.31 0.73 0.46 2.73 1.38 0.78 0.49 2.98 1.52 0.86 0.54
 3.19 1.63 0.92 0.58 3.37 1.72 0.98 0.61 2.89 1.50 0.86 0.55 2.89 1.49 0.86 0.54 2.71 1.40 0.80 0.50
 2.45 1.25 0.71 0.45 2.35 1.20 0.68 0.43 2.46 1.26 0.72 0.45 2.62 1.35 0.77 0.49 2.74 1.42 0.81 0.52
 2.87 1.49 0.85 0.54 2.44 1.29 0.75 0.49 2.47 1.30 0.76 0.49 2.37 1.24 0.72 0.46 2.19 1.14 0.66 0.42
 2.13 1.10 0.63 0.40 2.21 1.15 0.66 0.42 2.29 1.20 0.69 0.45 2.34 1.23 0.72 0.46 2.42 1.28 0.75 0.48
 2.06 1.11 0.66 0.44 2.11 1.13 0.67 0.44 2.06 1.10 0.65 0.42 1.95 1.03 0.60 0.39 1.91 1.00 0.58 0.38
 1.96 1.03 0.60 0.39 1.99 1.06 0.63 0.41 1.99 1.07 0.64 0.42 2.04 1.10 0.66 0.44 1.76 0.97 0.59 0.40
 1.81 0.99 0.60 0.41 1.79 0.97 0.59 0.39 1.71 0.92 0.55 0.37 1.69 0.90 0.54 0.35 1.73 0.93 0.55 0.37
 1.73 0.94 0.57 0.38 1.71 0.94 0.57 0.39 1.74 0.96 0.59 0.40 1.54 0.86 0.54 0.37 1.58 0.89 0.55 0.38
 1.58 0.87 0.54 0.37 1.52 0.83 0.51 0.34 1.50 0.82 0.49 0.33 1.53 0.84 0.51 0.34 1.53 0.85 0.52 0.36
 1.50 0.84 0.52 0.36 1.52 0.86 0.54 0.37 1.41 0.80 0.51 0.36 1.45 0.82 0.52 0.36 1.44 0.81 0.51 0.35
 1.39 0.77 0.47 0.33 1.37 0.75 0.46 0.31 1.40 0.77 0.48 0.33 1.39 0.78 0.49 0.34 1.37 0.78 0.49 0.35
 1.39 0.80 0.51 0.36 1.37 0.79 0.50 0.36 1.41 0.80 0.51 0.36 1.39 0.79 0.49 0.34 1.33 0.74 0.46 0.32
 1.30 0.72 0.44 0.30 1.33 0.74 0.46 0.32 1.34 0.76 0.48 0.33 1.33 0.76 0.49 0.34 1.36 0.78 0.50 0.35
 1.43 0.82 0.52 0.37 1.46 0.83 0.53 0.37 1.43 0.81 0.50 0.35 1.35 0.75 0.46 0.32 1.32 0.73 0.45 0.30
 1.36 0.75 0.46 0.32 1.38 0.78 0.49 0.34 1.39 0.79 0.50 0.35 1.42 0.81 0.52 0.36 1.60 0.90 0.56 0.39
 1.62 0.91 0.56 0.39 1.57 0.87 0.54 0.37 1.46 0.80 0.49 0.33 1.42 0.77 0.47 0.32 1.47 0.80 0.49 0.33
 1.51 0.84 0.52 0.35 1.54 0.86 0.54 0.37 1.58 0.89 0.56 0.39 1.87 1.03 0.63 0.42 1.88 1.03 0.63 0.42
 1.80 0.98 0.59 0.39 1.66 0.89 0.53 0.35 1.61 0.86 0.51 0.34 1.67 0.90 0.53 0.35 1.74 0.94 0.57 0.38
 1.79 0.98 0.60 0.40 1.85 1.02 0.62 0.42 2.24 1.20 0.71 0.47 2.25 1.20 0.71 0.46 2.13 1.13 0.66 0.43
 1.94 1.02 0.59 0.39 1.87 0.98 0.57 0.37 1.95 1.02 0.60 0.39 2.05 1.09 0.64 0.42 2.13 1.14 0.67 0.44
 2.22 1.19 0.70 0.46 2.70 1.40 0.81 0.52 2.69 1.40 0.81 0.51 2.53 1.31 0.75 0.48 2.28 1.18 0.67 0.43
 2.20 1.13 0.64 0.41 2.30 1.18 0.68 0.43 2.44 1.26 0.73 0.46 2.56 1.33 0.76 0.49 2.67 1.39 0.80 0.51
 3.24 1.64 0.92 0.57 3.22 1.63 0.92 0.57 2.99 1.52 0.85 0.53 2.67 1.35 0.76 0.47 2.56 1.30 0.73 0.45
 2.69 1.36 0.77 0.48 2.89 1.47 0.82 0.51 3.05 1.55 0.87 0.54 3.21 1.63 0.91 0.57 3.84 1.90 1.04 0.63
 3.80 1.89 1.04 0.63 3.50 1.74 0.96 0.59 3.09 1.54 0.85 0.52 2.95 1.47 0.82 0.50 3.11 1.56 0.86 0.53
 3.38 1.68 0.93 0.57 3.61 1.79 0.99 0.60 3.81 1.89 1.04 0.63 4.82 2.35 1.27 0.76 4.55 2.23 1.21 0.72
 3.87 1.91 1.04 0.63 3.17 1.57 0.86 0.52 2.93 1.46 0.80 0.49 3.18 1.58 0.86 0.52 3.74 1.84 1.00 0.60
 4.35 2.13 1.15 0.69 4.79 2.34 1.26 0.75 5.54 2.67 1.42 0.84 5.20 2.51 1.35 0.80 4.36 2.13 1.15 0.69
 3.51 1.73 0.94 0.57 3.22 1.59 0.87 0.53 3.51 1.73 0.94 0.57 4.20 2.05 1.11 0.66 4.98 2.41 1.29 0.76
 5.51 2.65 1.41 0.83 6.11 2.93 1.55 0.91 5.70 2.74 1.46 0.86 4.73 2.30 1.23 0.73 3.75 1.84 1.00 0.60
 3.42 1.69 0.92 0.55 3.75 1.84 1.00 0.60 4.56 2.21 1.19 0.71 5.47 2.63 1.40 0.82 6.08 2.91 1.54 0.91
 6.41 3.08 1.63 0.96 5.96 2.87 1.53 0.90 4.92 2.39 1.28 0.76 3.86 1.89 1.03 0.62 3.51 1.73 0.94 0.57
 3.86 1.90 1.03 0.62 4.74 2.30 1.24 0.74 5.73 2.76 1.47 0.87 6.38 3.06 1.62 0.95 6.38 3.09 1.65 0.97
 5.93 2.88 1.54 0.91 4.88 2.38 1.29 0.77 3.82 1.88 1.02 0.62 3.47 1.71 0.93 0.57 3.82 1.88 1.02 0.62
 4.70 2.29 1.24 0.74 5.70 2.76 1.48 0.88 6.36 3.07 1.64 0.97 6.04 2.95 1.59 0.95 5.62 2.75 1.49 0.89
 4.64 2.28 1.24 0.75 3.65 1.80 0.99 0.60 3.31 1.64 0.90 0.55 3.65 1.80 0.99 0.60 4.47 2.20 1.20 0.72
 5.40 2.64 1.43 0.86 6.01 2.94 1.58 0.95 5.47 2.71 1.48 0.89 5.12 2.54 1.39 0.84 4.26 2.11 1.16 0.71
 3.38 1.68 0.93 0.57 3.09 1.54 0.85 0.52 3.39 1.69 0.93 0.57 4.11 2.04 1.12 0.68 4.91 2.43 1.33 0.80
 5.45 2.69 1.47 0.89 4.80 2.40 1.33 0.81 4.52 2.26 1.25 0.77 3.82 1.91 1.06 0.65 3.08 1.54 0.86 0.53
 2.83 1.42 0.79 0.49 3.09 1.55 0.86 0.53 3.68 1.84 1.02 0.63 4.33 2.17 1.20 0.74 4.78 2.39 1.32 0.81
 4.12 2.09 1.17 0.73 3.92 1.98 1.11 0.69 3.36 1.70 0.95 0.59 2.77 1.40 0.78 0.49 2.57 1.30 0.73 0.45
 2.78 1.40 0.78 0.49 3.24 1.64 0.92 0.57 3.75 1.90 1.06 0.66 4.10 2.08 1.17 0.72 3.50 1.80 1.02 0.64
 3.35 1.72 0.98 0.61 2.93 1.50 0.85 0.53 2.47 1.26 0.71 0.44 2.31 1.18 0.66 0.41 2.48 1.26 0.71 0.45
 2.83 1.44 0.82 0.51 3.20 1.64 0.93 0.59 3.48 1.79 1.02 0.64 2.95 1.54 0.89 0.57 2.86 1.49 0.86 0.55
 2.54 1.32 0.75 0.48 2.18 1.12 0.64 0.41 2.07 1.06 0.60 0.38 2.20 1.13 0.64 0.41 2.45 1.27 0.73 0.46
 2.72 1.42 0.82 0.52 2.94 1.53 0.89 0.57 2.49 1.33 0.78 0.51 2.43 1.29 0.76 0.49 2.20 1.16 0.67 0.44
 1.93 1.00 0.58 0.37 1.84 0.95 0.55 0.35 1.94 1.01 0.58 0.37 2.12 1.12 0.65 0.42 2.31 1.23 0.72 0.47
 2.48 1.32 0.78 0.51 2.11 1.15 0.69 0.46 2.07 1.12 0.67 0.45 1.90 1.02 0.61 0.40 1.70 0.90 0.53 0.34
 1.63 0.86 0.50 0.33 1.71 0.90 0.53 0.34 1.84 0.98 0.58 0.38 1.97 1.07 0.64 0.43 2.09 1.14 0.68 0.46
 1.80 1.00 0.62 0.42 1.79 0.98 0.60 0.41 1.66 0.91 0.55 0.37 1.50 0.81 0.48 0.32 1.45 0.78 0.46 0.30
 1.51 0.81 0.48 0.32 1.60 0.87 0.53 0.36 1.70 0.94 0.57 0.39 1.79 0.99 0.61 0.42 1.59 0.90 0.56 0.39
 1.58 0.88 0.55 0.38 1.48 0.82 0.50 0.34 1.35 0.74 0.45 0.30 1.31 0.71 0.43 0.29 1.36 0.74 0.45 0.30
 1.43 0.79 0.49 0.33 1.50 0.84 0.53 0.36 1.57 0.89 0.56 0.39 1.45 0.83 0.53 0.37 1.45 0.82 0.52 0.36
 1.36 0.77 0.48 0.33 1.25 0.69 0.42 0.29 1.22 0.67 0.41 0.27 1.26 0.69 0.43 0.29 1.32 0.74 0.46 0.32
 1.38 0.78 0.50 0.35 1.44 0.83 0.53 0.37 1.42 0.81 0.52 0.37 1.41 0.80 0.51 0.36 1.33 0.75 0.47 0.32
 1.21 0.67 0.41 0.28 1.18 0.65 0.40 0.27 1.22 0.68 0.42 0.28 1.28 0.72 0.45 0.31 1.34 0.77 0.49 0.34
 1.41 0.81 0.52 0.36 1.47 0.84 0.53 0.37 1.46 0.83 0.52 0.36 1.37 0.77 0.48 0.33 1.24 0.69 0.42 0.29
 1.21 0.66 0.40 0.27 1.25 0.69 0.42 0.29 1.32 0.74 0.46 0.32 1.39 0.79 0.50 0.35 1.46 0.84 0.53 0.37
 1.63 0.92 0.57 0.40 1.61 0.90 0.56 0.38 1.49 0.83 0.51 0.34 1.35 0.73 0.44 0.30 1.30 0.70 0.42 0.28
 1.35 0.74 0.45 0.30 1.44 0.80 0.49 0.33 1.53 0.86 0.53 0.37 1.62 0.91 0.57 0.39 1.90 1.04 0.64 0.43
 1.86 1.02 0.62 0.42 1.71 0.93 0.56 0.37 1.52 0.81 0.48 0.32 1.46 0.78 0.46 0.30 1.53 0.82 0.49 0.32
 1.65 0.89 0.54 0.36 1.77 0.97 0.59 0.40 1.88 1.04 0.63 0.43 2.28 1.22 0.73 0.48 2.22 1.19 0.70 0.46
 2.01 1.06 0.63 0.41 1.76 0.93 0.54 0.35 1.69 0.88 0.51 0.33 1.78 0.93 0.54 0.35 1.94 1.03 0.60 0.39
 2.11 1.13 0.67 0.44 2.26 1.21 0.72 0.47 2.77 1.45 0.84 0.53 2.68 1.40 0.81 0.51 2.39 1.24 0.71 0.45
 2.07 1.07 0.61 0.39 1.96 1.01 0.57 0.36 2.08 1.07 0.61 0.39 2.31 1.20 0.69 0.44 2.55 1.33 0.77 0.49
 2.75 1.44 0.83 0.53 3.37 1.71 0.96 0.60 3.24 1.65 0.93 0.58 2.84 1.44 0.81 0.51 2.42 1.23 0.69 0.43
 2.28 1.15 0.65 0.40 2.43 1.23 0.69 0.43 2.75 1.39 0.78 0.49 3.09 1.57 0.88 0.55 3.35 1.70 0.96 0.60
 4.07 2.02 1.11 0.68 3.88 1.93 1.06 0.65 3.35 1.67 0.92 0.56 2.79 1.40 0.77 0.47 2.61 1.31 0.72 0.44
 2.80 1.40 0.78 0.48 3.23 1.61 0.89 0.54 3.70 1.84 1.01 0.62 4.04 2.01 1.10 0.67 4.68 2.30 1.25 0.75
 4.23 2.08 1.13 0.68 3.33 1.65 0.90 0.54 2.53 1.26 0.69 0.42 2.28 1.14 0.63 0.38 2.53 1.26 0.69 0.42
 3.21 1.58 0.87 0.52 4.07 2.00 1.09 0.66 4.66 2.29 1.24 0.75 5.37 2.60 1.40 0.83 4.82 2.34 1.26 0.75
 3.73 1.83 0.99 0.59 2.79 1.37 0.75 0.45 2.49 1.23 0.68 0.41 2.79 1.38 0.75 0.45 3.59 1.76 0.95 0.57
 4.64 2.25 1.21 0.72 5.36 2.60 1.39 0.83 5.93 2.86 1.52 0.90 5.29 2.56 1.37 0.81 4.06 1.98 1.07 0.64
 2.99 1.47 0.80 0.48 2.65 1.31 0.71 0.43 2.99 1.47 0.80 0.48 3.90 1.90 1.03 0.61 5.10 2.47 1.32 0.78
 5.91 2.85 1.52 0.90 6.24 3.01 1.61 0.95 5.56 2.69 1.44 0.85 4.25 2.07 1.11 0.67 3.11 1.52 0.83 0.50
 2.75 1.36 0.74 0.45 3.10 1.52 0.83 0.50 4.09 1.99 1.07 0.64 5.37 2.59 1.39 0.82 6.23 3.01 1.60 0.94
 6.26 3.04 1.63 0.97 5.58 2.71 1.46 0.87 4.27 2.09 1.13 0.68 3.13 1.54 0.84 0.51 2.77 1.36 0.75 0.45
 3.12 1.54 0.84 0.51 4.11 2.01 1.09 0.65 5.39 2.62 1.41 0.84 6.24 3.03 1.63 0.96 5.97 2.93 1.59 0.95
 5.35 2.63 1.42 0.85 4.13 2.03 1.11 0.67 3.05 1.50 0.82 0.50 2.71 1.34 0.74 0.45 3.05 1.50 0.82 0.50
 3.97 1.95 1.06 0.64 5.16 2.53 1.37 0.82 5.96 2.92 1.58 0.95 5.47 2.72 1.49 0.90 4.93 2.45 1.34 0.81
 3.85 1.91 1.05 0.64 2.89 1.44 0.79 0.49 2.59 1.29 0.71 0.44 2.89 1.44 0.79 0.48 3.71 1.84 1.01 0.62
 4.76 2.36 1.29 0.78 5.46 2.71 1.48 0.90 4.86 2.44 1.35 0.83 4.42 2.22 1.23 0.75 3.51 1.76 0.98 0.60
 2.68 1.34 0.75 0.46 2.42 1.21 0.67 0.42 2.69 1.35 0.75 0.46 3.38 1.69 0.94 0.58 4.25 2.13 1.18 0.73
 4.84 2.43 1.35 0.83 4.23 2.16 1.21 0.75 3.88 1.97 1.11 0.69 3.13 1.59 0.89 0.55 2.44 1.23 0.69 0.43
 2.23 1.12 0.63 0.39 2.45 1.24 0.69 0.43 3.02 1.53 0.86 0.53 3.73 1.89 1.06 0.66 4.22 2.15 1.21 0.75
 3.65 1.89 1.08 0.68 3.37 1.74 0.99 0.62 2.76 1.41 0.80 0.51 2.19 1.12 0.63 0.40 2.01 1.03 0.58 0.36
 2.20 1.12 0.63 0.40 2.66 1.36 0.78 0.49 3.23 1.66 0.95 0.60 3.63 1.88 1.07 0.68 3.13 1.65 0.96 0.62
 2.91 1.52 0.88 0.57 2.41 1.25 0.72 0.46 1.95 1.00 0.58 0.37 1.80 0.93 0.53 0.33 1.95 1.01 0.58 0.37
 2.33 1.21 0.70 0.45 2.79 1.46 0.85 0.54 3.12 1.64 0.95 0.61 2.69 1.44 0.85 0.56 2.51 1.34 0.79 0.52
 2.10 1.11 0.65 0.42 1.72 0.90 0.52 0.34 1.60 0.83 0.48 0.31 1.73 0.90 0.52 0.34 2.03 1.07 0.63 0.41
 2.40 1.28 0.76 0.50 2.68 1.43 0.85 0.56 2.31 1.26 0.76 0.51 2.17 1.18 0.71 0.47 1.84 0.99 0.59 0.39
 1.52 0.81 0.47 0.31 1.42 0.75 0.44 0.28 1.53 0.81 0.48 0.31 1.77 0.95 0.57 0.37 2.08 1.13 0.68 0.45
 2.30 1.26 0.76 0.51 2.01 1.12 0.69 0.47 1.90 1.05 0.64 0.44 1.63 0.89 0.54 0.36 1.36 0.73 0.44 0.29
 1.28 0.68 0.40 0.27 1.37 0.73 0.44 0.29 1.57 0.85 0.52 0.35 1.82 1.00 0.62 0.42 2.00 1.11 0.69 0.47
 1.78 1.01 0.63 0.44 1.69 0.95 0.59 0.41 1.47 0.81 0.50 0.34 1.24 0.67 0.41 0.27 1.17 0.63 0.38 0.25
 1.25 0.68 0.41 0.27 1.41 0.78 0.48 0.33 1.62 0.91 0.57 0.39 1.78 1.00 0.63 0.43 1.64 0.93 0.59 0.41
 1.56 0.88 0.55 0.38 1.36 0.76 0.47 0.32 1.16 0.64 0.39 0.26 1.10 0.60 0.36 0.24 1.17 0.64 0.39 0.26
 1.32 0.73 0.45 0.31 1.49 0.85 0.53 0.37 1.63 0.93 0.59 0.41 1.58 0.90 0.57 0.40 1.51 0.86 0.54 0.37
 1.32 0.74 0.46 0.32 1.14 0.62 0.38 0.26 1.08 0.59 0.36 0.24 1.14 0.62 0.38 0.26 1.28 0.71 0.44 0.30
 1.44 0.82 0.52 0.36 1.57 0.90 0.57 0.40 1.61 0.92 0.58 0.40 1.54 0.87 0.54 0.38 1.35 0.75 0.46 0.32
 1.16 0.63 0.38 0.26 1.10 0.60 0.36 0.24 1.16 0.63 0.38 0.26 1.30 0.72 0.45 0.30 1.47 0.83 0.52 0.36
 1.61 0.91 0.57 0.40 1.74 0.97 0.60 0.42 1.66 0.92 0.57 0.39 1.44 0.79 0.48 0.33 1.23 0.66 0.40 0.27
 1.17 0.62 0.37 0.25 1.24 0.67 0.40 0.27 1.39 0.76 0.47 0.31 1.58 0.88 0.54 0.37 1.73 0.97 0.60 0.41
 1.97 1.08 0.66 0.44 1.86 1.02 0.62 0.41 1.61 0.87 0.52 0.34 1.36 0.72 0.43 0.28 1.28 0.68 0.40 0.26
 1.36 0.72 0.43 0.28 1.55 0.84 0.50 0.33 1.78 0.97 0.59 0.40 1.96 1.08 0.65 0.44 2.30 1.24 0.73 0.48
 2.16 1.16 0.68 0.45 1.84 0.97 0.57 0.37 1.53 0.80 0.46 0.30 1.43 0.75 0.43 0.28 1.54 0.80 0.47 0.30
 1.78 0.94 0.55 0.36 2.07 1.11 0.66 0.43 2.29 1.23 0.73 0.48 2.75 1.44 0.83 0.54 2.56 1.34 0.77 0.49
 2.14 1.11 0.64 0.41 1.74 0.90 0.51 0.32 1.62 0.83 0.47 0.30 1.75 0.90 0.51 0.32 2.07 1.07 0.61 0.39
 2.45 1.28 0.74 0.47 2.73 1.43 0.83 0.53 3.30 1.69 0.96 0.60 3.05 1.56 0.88 0.55 2.50 1.27 0.72 0.45
 1.99 1.01 0.57 0.35 1.83 0.93 0.52 0.32 2.00 1.01 0.57 0.35 2.41 1.23 0.69 0.43 2.92 1.49 0.84 0.53
 3.29 1.68 0.95 0.60 3.96 1.98 1.10 0.67 3.62 1.81 1.00 0.61 2.90 1.45 0.81 0.49 2.26 1.13 0.63 0.39
 2.06 1.03 0.57 0.35 2.26 1.14 0.63 0.39 2.80 1.40 0.78 0.48 3.47 1.74 0.96 0.59 3.95 1.97 1.09 0.67
 4.18 2.08 1.14 0.69 3.62 1.80 0.99 0.60 2.64 1.31 0.72 0.44 1.86 0.93 0.51 0.31 1.64 0.82 0.45 0.28
 1.86 0.93 0.51 0.31 2.54 1.26 0.70 0.42 3.50 1.74 0.96 0.58 4.18 2.08 1.14 0.69 4.71 2.32 1.26 0.76
 4.05 1.99 1.08 0.65 2.91 1.44 0.79 0.48 2.02 1.00 0.55 0.34 1.76 0.87 0.48 0.29 2.02 1.00 0.55 0.33
 2.80 1.38 0.76 0.46 3.92 1.93 1.05 0.63 4.71 2.32 1.26 0.76 5.16 2.52 1.36 0.81 4.41 2.16 1.17 0.70
 3.15 1.55 0.84 0.51 2.16 1.07 0.58 0.35 1.87 0.93 0.51 0.31 2.16 1.06 0.58 0.35 3.02 1.49 0.81 0.49
 4.28 2.09 1.13 0.68 5.16 2.52 1.36 0.81 5.45 2.67 1.44 0.86 4.66 2.28 1.23 0.74 3.31 1.63 0.88 0.53
 2.27 1.12 0.61 0.37 1.96 0.97 0.53 0.32 2.26 1.11 0.61 0.37 3.18 1.56 0.85 0.51 4.52 2.21 1.19 0.72
 5.45 2.67 1.44 0.86 5.54 2.72 1.47 0.88 4.74 2.33 1.27 0.76 3.39 1.67 0.91 0.55 2.32 1.15 0.63 0.38
 2.01 0.99 0.55 0.33 2.32 1.14 0.63 0.38 3.26 1.60 0.87 0.53 4.60 2.26 1.23 0.74 5.54 2.72 1.47 0.88
 5.42 2.68 1.47 0.88 4.66 2.31 1.26 0.76 3.36 1.66 0.91 0.55 2.33 1.15 0.63 0.39 2.03 1.00 0.55 0.34
 2.33 1.15 0.63 0.39 3.23 1.60 0.88 0.53 4.52 2.24 1.22 0.74 5.42 2.68 1.46 0.88 5.12 2.56 1.41 0.86
 4.44 2.22 1.22 0.75 3.24 1.62 0.89 0.55 2.28 1.14 0.63 0.39 2.00 1.00 0.55 0.34 2.28 1.14 0.63 0.39
 3.12 1.56 0.86 0.53 4.30 2.15 1.18 0.72 5.12 2.56 1.41 0.86 4.72 2.39 1.33 0.82 4.12 2.08 1.16 0.72
 3.05 1.54 0.86 0.53 2.19 1.10 0.61 0.38 1.93 0.97 0.54 0.33 2.19 1.10 0.61 0.38 2.94 1.48 0.82 0.51
 3.99 2.01 1.12 0.69 4.72 2.39 1.33 0.82 4.27 2.19 1.24 0.78 3.76 1.92 1.08 0.68 2.82 1.44 0.81 0.51
 2.06 1.04 0.59 0.37 1.83 0.92 0.52 0.32 2.06 1.04 0.59 0.36 2.72 1.38 0.78 0.49 3.63 1.86 1.05 0.66
 4.27 2.19 1.24 0.78 3.83 1.99 1.14 0.73 3.38 1.75 1.00 0.64 2.57 1.32 0.76 0.48 1.90 0.97 0.55 0.35
 1.70 0.87 0.49 0.31 1.90 0.97 0.55 0.35 2.48 1.27 0.73 0.46 3.27 1.69 0.97 0.62 3.82 1.99 1.14 0.73
 3.41 1.80 1.05 0.68 3.03 1.59 0.93 0.60 2.32 1.21 0.70 0.45 1.73 0.90 0.51 0.33 1.56 0.80 0.46 0.29
 1.73 0.90 0.51 0.33 2.23 1.16 0.67 0.43 2.92 1.54 0.89 0.58 3.40 1.80 1.05 0.68 3.03 1.63 0.97 0.63
 2.70 1.44 0.85 0.56 2.08 1.10 0.64 0.42 1.57 0.82 0.48 0.31 1.41 0.74 0.42 0.27 1.57 0.82 0.47 0.31
 2.00 1.06 0.62 0.40 2.60 1.39 0.82 0.54 3.02 1.62 0.96 0.63 2.68 1.47 0.88 0.59 2.40 1.30 0.78 0.52
 1.87 1.00 0.59 0.39 1.42 0.75 0.44 0.29 1.28 0.67 0.39 0.26 1.42 0.75 0.44 0.29 1.80 0.96 0.57 0.38
 2.31 1.25 0.75 0.50 2.68 1.46 0.88 0.59 2.39 1.32 0.81 0.55 2.15 1.18 0.72 0.48 1.69 0.91 0.55 0.37
 1.29 0.69 0.41 0.27 1.18 0.62 0.37 0.24 1.29 0.69 0.41 0.27 1.62 0.88 0.53 0.35 2.07 1.14 0.69 0.47
 2.39 1.32 0.81 0.55 2.16 1.21 0.75 0.51 1.95 1.08 0.67 0.45 1.54 0.84 0.51 0.35 1.20 0.64 0.39 0.26
 1.09 0.58 0.35 0.23 1.20 0.64 0.39 0.26 1.48 0.81 0.49 0.33 1.88 1.04 0.64 0.44 2.15 1.21 0.75 0.51
 2.00 1.12 0.70 0.48 1.81 1.01 0.63 0.43 1.44 0.80 0.49 0.33 1.13 0.61 0.37 0.25 1.04 0.56 0.33 0.22
 1.13 0.61 0.37 0.25 1.39 0.77 0.47 0.32 1.74 0.97 0.60 0.41 1.99 1.12 0.70 0.48 1.91 1.07 0.67 0.46
 1.73 0.97 0.60 0.41 1.39 0.77 0.47 0.32 1.10 0.60 0.36 0.24 1.01 0.54 0.32 0.22 1.10 0.60 0.36 0.24
 1.34 0.74 0.45 0.31 1.67 0.93 0.58 0.40 1.90 1.07 0.67 0.46 1.90 1.06 0.66 0.45 1.73 0.96 0.59 0.40
 1.39 0.76 0.46 0.31 1.10 0.59 0.36 0.24 1.01 0.54 0.32 0.21 1.10 0.59 0.36 0.24 1.34 0.73 0.45 0.30
 1.66 0.92 0.57 0.39 1.89 1.06 0.66 0.45 1.97 1.09 0.67 0.46 1.79 0.99 0.60 0.41 1.44 0.78 0.47 0.31
 1.13 0.61 0.36 0.24 1.04 0.55 0.33 0.21 1.14 0.61 0.36 0.24 1.39 0.75 0.45 0.30 1.72 0.95 0.58 0.39
 1.96 1.09 0.67 0.46 2.13 1.16 0.70 0.47 1.93 1.05 0.63 0.42 1.54 0.82 0.49 0.32 1.20 0.63 0.37 0.24
 1.10 0.58 0.34 0.22 1.20 0.63 0.37 0.24 1.48 0.79 0.47 0.31 1.85 1.01 0.61 0.40 2.12 1.16 0.70 0.47
 2.37 1.27 0.76 0.50 2.14 1.14 0.67 0.44 1.68 0.89 0.52 0.34 1.29 0.67 0.39 0.25 1.18 0.61 0.35 0.22
 1.30 0.68 0.39 0.25 1.62 0.85 0.50 0.32 2.05 1.10 0.65 0.42 2.37 1.27 0.75 0.49 2.71 1.42 0.83 0.53
 2.42 1.26 0.73 0.47 1.87 0.97 0.56 0.36 1.41 0.73 0.41 0.26 1.28 0.65 0.37 0.23 1.42 0.73 0.41 0.26
 1.80 0.93 0.54 0.34 2.33 1.22 0.71 0.45 2.70 1.42 0.83 0.53 3.14 1.61 0.92 0.58 2.77 1.42 0.81 0.51
 2.10 1.07 0.61 0.38 1.55 0.79 0.44 0.28 1.39 0.70 0.40 0.25 1.55 0.79 0.44 0.28 2.02 1.03 0.58 0.37
 2.67 1.37 0.78 0.49 3.13 1.61 0.92 0.58 3.64 1.84 1.02 0.63 3.18 1.60 0.89 0.55 2.36 1.19 0.66 0.41
 1.70 0.86 0.48 0.30 1.51 0.76 0.42 0.26 1.70 0.86 0.48 0.29 2.27 1.14 0.64 0.39 3.07 1.55 0.86 0.53
 3.63 1.83 1.02 0.63 3.70 1.87 1.04 0.64 3.09 1.56 0.87 0.54 2.11 1.06 0.59 0.37 1.40 0.71 0.39 0.24
 1.20 0.60 0.34 0.21 1.40 0.70 0.39 0.24 2.03 1.02 0.57 0.35 3.00 1.51 0.84 0.52 3.70 1.87 1.04 0.65
 4.03 2.02 1.12 0.69 3.35 1.68 0.93 0.57 2.27 1.14 0.63 0.39 1.49 0.74 0.41 0.25 1.27 0.63 0.35 0.22
 1.48 0.74 0.41 0.25 2.18 1.09 0.60 0.37 3.26 1.63 0.90 0.55 4.04 2.03 1.12 0.69 4.33 2.16 1.19 0.73
 3.59 1.79 0.99 0.60 2.41 1.20 0.66 0.41 1.57 0.78 0.43 0.27 1.33 0.67 0.37 0.23 1.57 0.78 0.43 0.26
 2.32 1.15 0.64 0.39 3.49 1.74 0.96 0.58 4.34 2.17 1.19 0.73 4.55 2.27 1.25 0.76 3.77 1.88 1.03 0.63
 2.53 1.26 0.69 0.42 1.64 0.82 0.45 0.28 1.40 0.69 0.38 0.24 1.64 0.82 0.45 0.28 2.43 1.21 0.67 0.41
 3.67 1.83 1.01 0.61 4.56 2.28 1.25 0.76 4.67 2.34 1.29 0.79 3.87 1.94 1.07 0.65 2.61 1.30 0.72 0.44
 1.70 0.85 0.47 0.29 1.44 0.72 0.40 0.24 1.70 0.84 0.47 0.29 2.51 1.25 0.69 0.42 3.77 1.88 1.04 0.63
 4.68 2.34 1.29 0.79 4.68 2.36 1.31 0.80 3.90 1.96 1.08 0.66 2.65 1.32 0.73 0.45 1.73 0.87 0.48 0.30
 1.48 0.74 0.41 0.25 1.73 0.86 0.48 0.29 2.54 1.27 0.70 0.43 3.79 1.90 1.05 0.65 4.69 2.36 1.31 0.80
 4.59 2.33 1.30 0.80 3.84 1.94 1.08 0.67 2.63 1.32 0.74 0.46 1.74 0.87 0.49 0.30 1.49 0.75 0.42 0.26
 1.74 0.87 0.49 0.30 2.53 1.27 0.71 0.44 3.73 1.89 1.05 0.65 4.59 2.33 1.30 0.80 4.41 2.26 1.27 0.79
 3.71 1.89 1.06 0.66 2.57 1.30 0.73 0.45 1.72 0.87 0.49 0.30 1.48 0.75 0.42 0.26 1.72 0.87 0.49 0.30
 2.47 1.25 0.70 0.44 3.61 1.84 1.03 0.64 4.41 2.26 1.27 0.79 4.18 2.16 1.23 0.78 3.53 1.82 1.03 0.65
 2.47 1.26 0.71 0.45 1.67 0.85 0.48 0.30 1.45 0.73 0.41 0.26 1.67 0.85 0.48 0.30 2.37 1.21 0.69 0.43
 3.43 1.76 1.00 0.63 4.18 2.16 1.23 0.78 3.91 2.05 1.18 0.75 3.32 1.73 0.99 0.63 2.34 1.21 0.69 0.44
 1.60 0.82 0.47 0.30 1.39 0.71 0.40 0.25 1.60 0.82 0.47 0.29 2.25 1.16 0.66 0.42 3.22 1.68 0.96 0.61
 3.91 2.05 1.18 0.75 3.63 1.93 1.13 0.73 3.09 1.63 0.95 0.61 2.19 1.14 0.66 0.42 1.52 0.78 0.45 0.29
 1.32 0.68 0.39 0.25 1.52 0.78 0.45 0.29 2.11 1.10 0.64 0.41 3.00 1.58 0.92 0.59 3.63 1.93 1.13 0.73
 3.36 1.80 1.07 0.70 2.86 1.53 0.90 0.59 2.04 1.08 0.63 0.41 1.42 0.74 0.43 0.28 1.25 0.65 0.37 0.24
 1.42 0.74 0.43 0.27 1.97 1.04 0.60 0.39 2.78 1.48 0.87 0.57 3.36 1.80 1.07 0.70 3.09 1.68 1.00 0.67
 2.64 1.42 0.85 0.56 1.90 1.01 0.60 0.39 1.33 0.70 0.41 0.26 1.17 0.61 0.35 0.23 1.33 0.70 0.41 0.26
 1.82 0.97 0.57 0.37 2.56 1.38 0.82 0.54 3.09 1.68 1.00 0.67 2.85 1.56 0.94 0.63 2.44 1.33 0.80 0.53
 1.77 0.95 0.56 0.37 1.25 0.66 0.39 0.25 1.10 0.58 0.34 0.22 1.25 0.66 0.39 0.25 1.70 0.91 0.54 0.36
 2.37 1.29 0.77 0.52 2.85 1.56 0.94 0.63 2.64 1.46 0.89 0.60 2.27 1.24 0.75 0.50 1.65 0.89 0.53 0.35
 1.18 0.63 0.37 0.24 1.04 0.55 0.32 0.21 1.18 0.62 0.37 0.24 1.59 0.86 0.51 0.34 2.20 1.20 0.73 0.49
 2.64 1.45 0.89 0.60 2.48 1.37 0.84 0.57 2.14 1.17 0.71 0.48 1.57 0.85 0.51 0.34 1.12 0.60 0.35 0.23
 1.00 0.53 0.31 0.20 1.12 0.60 0.35 0.23 1.51 0.81 0.49 0.33 2.07 1.14 0.69 0.47 2.48 1.37 0.84 0.57
 2.37 1.31 0.80 0.54 2.05 1.13 0.68 0.46 1.51 0.82 0.49 0.33 1.09 0.58 0.34 0.23 0.97 0.51 0.30 0.20
 1.09 0.58 0.34 0.22 1.45 0.79 0.47 0.31 1.99 1.09 0.66 0.45 2.37 1.31 0.80 0.54 2.32 1.28 0.78 0.53
 2.01 1.10 0.67 0.45 1.48 0.80 0.48 0.32 1.07 0.57 0.34 0.22 0.95 0.50 0.29 0.19 1.07 0.57 0.34 0.22
 1.43 0.77 0.46 0.31 1.95 1.07 0.65 0.43 2.32 1.28 0.78 0.53 2.34 1.28 0.77 0.52 2.03 1.10 0.66 0.44
 1.49 0.80 0.47 0.31 1.07 0.57 0.33 0.22 0.95 0.50 0.29 0.19 1.07 0.57 0.33 0.22 1.43 0.77 0.46 0.30
 1.96 1.06 0.64 0.43 2.34 1.28 0.77 0.52 2.42 1.31 0.78 0.52 2.09 1.12 0.67 0.44 1.53 0.81 0.48 0.31
 1.09 0.57 0.33 0.22 0.97 0.50 0.29 0.19 1.10 0.57 0.33 0.21 1.47 0.78 0.46 0.30 2.02 1.09 0.65 0.43
 2.42 1.31 0.78 0.52 2.57 1.37 0.81 0.53 2.21 1.17 0.69 0.45 1.60 0.84 0.49 0.31 1.13 0.59 0.34 0.22
 1.00 0.52 0.30 0.19 1.13 0.59 0.34 0.22 1.54 0.81 0.47 0.30 2.14 1.13 0.67 0.43 2.57 1.37 0.81 0.53
 2.78 1.46 0.85 0.55 2.37 1.24 0.72 0.46 1.69 0.88 0.51 0.32 1.18 0.61 0.35 0.22 1.04 0.53 0.30 0.19
 1.18 0.61 0.35 0.22 1.63 0.85 0.49 0.31 2.30 1.20 0.70 0.45 2.78 1.46 0.85 0.55 3.04 1.58 0.90 0.57
 2.58 1.33 0.76 0.48 1.82 0.93 0.53 0.33 1.25 0.64 0.36 0.23 1.08 0.55 0.31 0.19 1.25 0.63 0.36 0.22
 1.75 0.90 0.51 0.32 2.50 1.29 0.74 0.47 3.05 1.58 0.90 0.57 3.36 1.72 0.97 0.61 2.82 1.44 0.81 0.51
 1.96 0.99 0.56 0.35 1.32 0.67 0.38 0.23 1.14 0.58 0.32 0.20 1.32 0.67 0.37 0.23 1.88 0.96 0.54 0.33
 2.74 1.40 0.79 0.49 3.36 1.72 0.97 0.61 3.45 1.78 1.01 0.64 2.82 1.45 0.82 0.52 1.86 0.95 0.54 0.34
 1.19 0.60 0.34 0.21 1.00 0.51 0.29 0.18 1.18 0.60 0.34 0.21 1.78 0.91 0.51 0.32 2.75 1.41 0.80 0.50
 3.46 1.78 1.02 0.64 3.61 1.85 1.05 0.66 2.94 1.51 0.85 0.53 1.93 0.98 0.55 0.35 1.23 0.62 0.35 0.22
 1.03 0.52 0.29 0.18 1.22 0.62 0.35 0.22 1.85 0.94 0.53 0.33 2.87 1.47 0.83 0.52 3.62 1.86 1.05 0.66
 3.75 1.92 1.09 0.68 3.05 1.56 0.88 0.55 2.00 1.01 0.57 0.35 1.26 0.64 0.36 0.22 1.06 0.54 0.30 0.19
 1.26 0.64 0.36 0.22 1.92 0.97 0.55 0.34 2.98 1.52 0.86 0.54 3.76 1.93 1.09 0.68 3.87 1.98 1.12 0.70
 3.15 1.61 0.90 0.56 2.06 1.04 0.59 0.36 1.30 0.66 0.37 0.23 1.09 0.55 0.31 0.19 1.29 0.65 0.37 0.23
 1.97 1.00 0.56 0.35 3.07 1.57 0.88 0.55 3.88 1.99 1.12 0.70 3.95 2.03 1.15 0.72 3.22 1.64 0.93 0.58
 2.10 1.07 0.60 0.37 1.33 0.67 0.38 0.23 1.12 0.56 0.32 0.20 1.33 0.67 0.38 0.23 2.02 1.02 0.58 0.36
 3.14 1.60 0.90 0.56 3.96 2.03 1.15 0.72 3.99 2.05 1.16 0.73 3.26 1.67 0.94 0.59 2.13 1.09 0.61 0.38
 1.35 0.69 0.39 0.24 1.14 0.58 0.32 0.20 1.35 0.68 0.38 0.24 2.05 1.04 0.59 0.37 3.18 1.63 0.92 0.57
 4.00 2.06 1.17 0.73 3.99 2.06 1.17 0.74 3.26 1.68 0.95 0.60 2.15 1.09 0.62 0.39 1.37 0.69 0.39 0.24
 1.15 0.58 0.33 0.21 1.36 0.69 0.39 0.24 2.06 1.05 0.59 0.37 3.18 1.63 0.93 0.58 4.00 2.07 1.17 0.74
 3.95 2.05 1.17 0.74 3.23 1.67 0.95 0.60 2.14 1.09 0.62 0.39 1.37 0.70 0.39 0.25 1.16 0.59 0.33 0.21
 1.37 0.69 0.39 0.25 2.05 1.05 0.60 0.37 3.15 1.63 0.93 0.59 3.96 2.05 1.17 0.74 3.87 2.02 1.16 0.74
 3.17 1.65 0.94 0.60 2.11 1.09 0.62 0.39 1.36 0.70 0.39 0.25 1.15 0.59 0.33 0.21 1.36 0.69 0.39 0.25
 2.03 1.04 0.59 0.38 3.10 1.61 0.92 0.58 3.87 2.02 1.16 0.74 3.76 1.97 1.14 0.73 3.09 1.62 0.93 0.60
 2.06 1.07 0.61 0.39 1.34 0.69 0.39 0.25 1.14 0.58 0.33 0.21 1.33 0.68 0.39 0.25 1.98 1.03 0.59 0.37
 3.01 1.57 0.91 0.58 3.76 1.98 1.15 0.73 3.63 1.92 1.12 0.72 2.99 1.57 0.91 0.59 2.01 1.04 0.60 0.39
 1.31 0.67 0.39 0.25 1.12 0.57 0.33 0.21 1.30 0.67 0.38 0.24 1.93 1.00 0.58 0.37 2.91 1.53 0.89 0.57
 3.63 1.92 1.12 0.72 3.48 1.86 1.09 0.71 2.88 1.52 0.89 0.58 1.94 1.01 0.59 0.38 1.27 0.66 0.38 0.24
 1.09 0.56 0.32 0.20 1.27 0.66 0.38 0.24 1.86 0.97 0.56 0.36 2.80 1.48 0.87 0.56 3.49 1.86 1.09 0.71
 3.34 1.79 1.06 0.69 2.77 1.47 0.86 0.56 1.87 0.98 0.57 0.37 1.23 0.64 0.37 0.24 1.05 0.55 0.31 0.20
 1.23 0.64 0.37 0.24 1.80 0.94 0.55 0.36 2.69 1.43 0.84 0.55 3.34 1.79 1.06 0.69 3.20 1.72 1.02 0.67
 2.65 1.42 0.84 0.55 1.80 0.95 0.56 0.36 1.19 0.62 0.36 0.23 1.02 0.53 0.31 0.20 1.19 0.62 0.36 0.23
 1.73 0.91 0.53 0.35 2.58 1.38 0.82 0.53 3.20 1.72 1.02 0.67 3.07 1.66 0.99 0.65 2.55 1.37 0.81 0.53
 1.74 0.92 0.54 0.35 1.15 0.60 0.35 0.23 0.99 0.52 0.30 0.19 1.15 0.60 0.35 0.22 1.67 0.88 0.52 0.34
 2.48 1.33 0.79 0.52 3.08 1.66 0.99 0.65 2.97 1.60 0.96 0.63 2.47 1.32 0.79 0.52 1.68 0.89 0.52 0.34
 1.12 0.59 0.34 0.22 0.97 0.50 0.29 0.19 1.12 0.59 0.34 0.22 1.62 0.86 0.50 0.33 2.40 1.29 0.77 0.50
 2.97 1.61 0.96 0.63 2.89 1.56 0.93 0.62 2.40 1.29 0.77 0.50 1.64 0.87 0.51 0.33 1.10 0.57 0.33 0.22
 0.95 0.49 0.28 0.18 1.09 0.57 0.33 0.21 1.58 0.84 0.49 0.32 2.34 1.25 0.75 0.49 2.89 1.56 0.93 0.62
 2.84 1.53 0.91 0.60 2.37 1.27 0.75 0.49 1.62 0.86 0.50 0.33 1.08 0.56 0.33 0.21 0.93 0.48 0.28 0.18
 1.08 0.56 0.33 0.21 1.55 0.82 0.48 0.31 2.30 1.23 0.73 0.48 2.85 1.54 0.91 0.60 2.83 1.52 0.90 0.59
 2.36 1.26 0.74 0.48 1.61 0.85 0.50 0.32 1.07 0.56 0.32 0.21 0.92 0.48 0.28 0.18 1.07 0.56 0.32 0.21
 1.55 0.81 0.48 0.31 2.29 1.22 0.72 0.47 2.84 1.52 0.90 0.59 2.86 1.53 0.90 0.59 2.37 1.26 0.74 0.48
 1.62 0.85 0.49 0.32 1.07 0.56 0.32 0.21 0.92 0.48 0.27 0.17 1.07 0.55 0.32 0.20 1.55 0.81 0.47 0.31
 2.31 1.23 0.72 0.47 2.86 1.53 0.90 0.59 2.92 1.55 0.91 0.59 2.42 1.28 0.74 0.48 1.64 0.86 0.49 0.32
 1.08 0.56 0.32 0.20 0.93 0.48 0.27 0.17 1.08 0.56 0.32 0.20 1.57 0.82 0.47 0.30 2.36 1.24 0.72 0.47
 2.93 1.55 0.91 0.59 3.02 1.59 0.92 0.59 2.49 1.31 0.76 0.48 1.68 0.87 0.50 0.32 1.10 0.57 0.32 0.20
 0.94 0.48 0.27 0.17 1.10 0.56 0.32 0.20 1.61 0.84 0.48 0.31 2.43 1.27 0.74 0.47 3.02 1.59 0.93 0.60
 3.14 1.64 0.95 0.60 2.59 1.35 0.77 0.49 1.73 0.89 0.51 0.32 1.12 0.57 0.33 0.21 0.96 0.49 0.28 0.17
 1.12 0.57 0.32 0.20 1.66 0.86 0.49 0.31 2.52 1.31 0.75 0.48 3.15 1.65 0.95 0.61 3.29 1.71 0.98 0.62
 2.70 1.39 0.80 0.50 1.79 0.92 0.52 0.33 1.15 0.59 0.33 0.21 0.98 0.50 0.28 0.18 1.15 0.59 0.33 0.21
 1.72 0.88 0.50 0.32 2.63 1.36 0.78 0.49 3.30 1.71 0.98 0.62 3.40 1.79 1.04 0.67 2.77 1.45 0.84 0.54
 1.82 0.94 0.54 0.34 1.16 0.59 0.34 0.22 0.98 0.50 0.28 0.18 1.15 0.59 0.34 0.21 1.74 0.90 0.52 0.33
 2.70 1.41 0.82 0.52 3.41 1.79 1.04 0.67 3.40 1.79 1.04 0.67 2.77 1.45 0.84 0.54 1.82 0.94 0.54 0.34
 1.16 0.59 0.34 0.22 0.98 0.50 0.28 0.18 1.15 0.59 0.34 0.21 1.74 0.90 0.52 0.33 2.70 1.41 0.82 0.52
 3.41 1.79 1.04 0.67 3.40 1.79 1.04 0.67 2.77 1.45 0.84 0.54 1.82 0.94 0.54 0.34 1.16 0.59 0.34 0.22
 0.98 0.50 0.28 0.18 1.15 0.59 0.34 0.21 1.74 0.90 0.52 0.33 2.70 1.41 0.82 0.52 3.41 1.79 1.04 0.67
 3.40 1.79 1.04 0.67 2.77 1.45 0.84 0.54 1.82 0.94 0.54 0.34 1.16 0.59 0.34 0.22 0.98 0.50 0.28 0.18
 1.15 0.59 0.34 0.21 1.74 0.90 0.52 0.33 2.70 1.41 0.82 0.52 3.41 1.79 1.04 0.67 3.40 1.79 1.04 0.67
 2.77 1.45 0.84 0.54 1.82 0.94 0.54 0.34 1.16 0.59 0.34 0.22 0.98 0.50 0.28 0.18 1.15 0.59 0.34 0.21
 1.74 0.90 0.52 0.33 2.70 1.41 0.82 0.52 3.41 1.79 1.04 0.67 3.40 1.79 1.04 0.67 2.77 1.45 0.84 0.54
 1.82 0.94 0.54 0.34 1.16 0.59 0.34 0.22 0.98 0.50 0.28 0.18 1.15 0.59 0.34 0.21 1.74 0.90 0.52 0.33
 2.70 1.41 0.82 0.52 3.41 1.79 1.04 0.67 3.40 1.79 1.04 0.67 2.77 1.45 0.84 0.54 1.82 0.94 0.54 0.34
 1.16 0.59 0.34 0.22 0.98 0.50 0.28 0.18 1.15 0.59 0.34 0.21 1.74 0.90 0.52 0.33 2.70 1.41 0.82 0.52
 3.41 1.79 1.04 0.67 3.40 1.79 1.04 0.67 2.77 1.45 0.84 0.54 1.82 0.94 0.54 0.34 1.16 0.59 0.34 0.22
 0.98 0.50 0.28 0.18 1.15 0.59 0.34 0.21 1.74 0.90 0.52 0.33 2.70 1.41 0.82 0.52 3.41 1.79 1.04 0.67
 3.40 1.79 1.04 0.67 2.77 1.45 0.84 0.54 1.82 0.94 0.54 0.34 1.16 0.59 0.34 0.22 0.98 0.50 0.28 0.18
 1.15 0.59 0.34 0.21 1.74 0.90 0.52 0.33 2.70 1.41 0.82 0.52 3.41 1.79 1.04 0.67 3.40 1.79 1.04 0.67
 2.77 1.45 0.84 0.54 1.82 0.94 0.54 0.34 1.16 0.59 0.34 0.22 0.98 0.50 0.28 0.18 1.15 0.59 0.34 0.21
 1.74 0.90 0.52 0.33 2.70 1.41 0.82 0.52 3.41 1.79 1.04 0.67 3.40 1.79 1.04 0.67 2.77 1.45 0.84 0.54
 1.82 0.94 0.54 0.34 1.16 0.59 0.34 0.22 0.98 0.50 0.28 0.18 1.15 0.59 0.34 0.21 1.74 0.90 0.52 0.33
 2.70 1.41 0.82 0.52 3.41 1.79 1.04 0.67 3.40 1.79 1.04 0.67 2.77 1.45 0.84 0.54 1.82 0.94 0.54 0.34
 1.16 0.59 0.34 0.22 0.98 0.50 0.28 0.18 1.15 0.59 0.34 0.21 1.74 0.90 0.52 0.33 2.70 1.41 0.82 0.52
 3.41 1.79 1.04 0.67 3.40 1.79 1.04 0.67 2.77 1.45 0.84 0.54 1.82 0.94 0.54 0.34 1.16 0.59 0.34 0.22
 0.98 0.50 0.28 0.18 1.15 0.59 0.34 0.21 1.74 0.90 0.52 0.33 2.70 1.41 0.82 0.52 3.41 1.79 1.04 0.67
 3.40 1.79 1.04 0.67 2.77 1.45 0.84 0.54 1.82 0.94 0.54 0.34 1.16 0.59 0.34 0.22 0.98 0.50 0.28 0.18
 1.15 0.59 0.34 0.21 1.74 0.90 0.52 0.33 2.70 1.41 0.82 0.52 3.41 1.79 1.04 0.67 3.40 1.79 1.04 0.67
 2.77 1.45 0.84 0.54 1.82 0.94 0.54 0.34 1.16 0.59 0.34 0.22 0.98 0.50 0.28 0.18 1.15 0.59 0.34 0.21
 1.74 0.90 0.52 0.33 2.70 1.41 0.82 0.52 3.41 1.79 1.04 0.67 3.40 1.79 1.04 0.67 2.77 1.45 0.84 0.54
 1.82 0.94 0.54 0.34 1.16 0.59 0.34 0.22 0.98 0.50 0.28 0.18 1.15 0.59 0.34 0.21 1.74 0.90 0.52 0.33
 2.70 1.41 0.82 0.52 3.41 1.79 1.04 0.67 3.40 1.79 1.04 0.67 2.77 1.45 0.84 0.54 1.82 0.94 0.54 0.34
 1.16 0.59 0.34 0.22 0.98 0.50 0.28 0.18 1.15 0.59 0.34 0.21 1.74 0.90 0.52 0.33 2.70 1.41 0.82 0.52
 3.41 1.79 1.04 0.67 3.40 1.79 1.04 0.67 2.77 1.45 0.84 0.54 1.82 0.94 0.54 0.34 1.16 0.59 0.34 0.22
 0.98 0.50 0.28 0.18 1.15 0.59 0.34 0.21 1.74 0.90 0.52 0.33 2.70 1.41 0.82 0.52 3.41 1.79 1.04 0.67
 3.40 1.79 1.04 0.67 2.77 1.45 0.84 0.54 1.82 0.94 0.54 0.34 1.16 0.59 0.34 0.22 0.98 0.50 0.28 0.18
 1.15 0.59 0.34 0.21 1.74 0.90 0.52 0.33 2.70 1.41 0.82 0.52 3.41 1.79 1.04 0.67 3.40 1.79 1.04 0.67
 2.77 1.45 0.84 0.54 1.82 0.94 0.54 0.34 1.16 0.59 0.34 0.22 0.98 0.50 0.28 0.18 1.15 0.59 0.34 0.21
 1.74 0.90 0.52 0.33 2.70 1.41 0.82 0.52 3.41 1.79 1.04 0.67 3.40 1.79 1.04 0.67 2.77 1.45 0.84 0.54
 1.82 0.94 0.54 0.34 1.16 0.59 0.34 0.22 0.98 0.50 0.28 0.18 1.15 0.59 0.34 0.21 1.74 0.90 0.52 0.33
 2.70 1.41 0.82 0.52 3.41 1.79 1.04 0.67 3.40 1.79 1.04 0.67 2.77 1.45 0.84 0.54 1.82 0.94 0.54 0.34
 1.16 0.59 0.34 0.22 0.98 0.50 0.28 0.18 1.15 0.59 0.34 0.21 1.74 0.90 0.52 0.33 2.70 1.41 0.82 0.52
 3.41 1.79 1.04 0.67 3.40 1.79 1.04 0.67 2.77 1.45 0.84 0.54 1.82 0.94 0.54 0.34 1.16 0.59 0.34 0.22
 0.98 0.50 0.28 0.18 1.15 0.59 0.34 0.21 1.74 0.90 0.52 0.33 2.70 1.41 0.82 0.52 3.41 1.79 1.04 0.67
 3.40 1.79 1.04 0.67 2.77 1.45 0.84 0.54 1.82 0.94 0.54 0.34 1.16 0.59 0.34 0.22 0.98 0.50 0.28 0.18
 1.15 0.59 0.34 0.21 1.74 0.90 0.52 0.33 2.70 1.41 0.82 0.52 3.41 1.79 1.04 0.67
