  0.250   82.56   
  0.750   77.31   
  1.250   67.08   
  1.750   59.85   
  2.250   49.50   
  2.750   28.65   
  3.250   21.33   
  3.750   14.98   
  4.250   30.29   
  4.750   30.19   
  5.250   27.71   
  5.750   13.51   
  6.250    0.24   
  6.750   -0.57   
  7.250   -3.55   
  7.750   -9.96   
  8.250  -18.94   
  8.750  -26.31   
  9.250  -30.74   
  9.750  -38.54   
 10.250  -39.94   
 10.750  -41.28   
 11.250  -41.20   
 11.750  -41.27   
 12.250  -39.24   
 12.750  -38.37   
 13.250  -33.73   
 13.750  -28.03   
 14.250  -20.11   
 14.750  -14.51   
 15.250   -8.80   
 15.750   -3.12   
 16.250    3.05   
 16.750    7.25   
 17.250   14.69   
 17.750   24.65   
 18.250   36.70   
 18.750   50.63   
 19.250   60.59   
 19.750   75.27   
 20.250   88.06   
 20.750  100.32   
 21.250  102.34  
 21.750  102.25   
 22.250   99.93   
 22.750   95.29   
 23.250   88.72   
 23.750   84.22   
 23.750   84.22   
  0.250   96.24   
  0.750   85.04   
  1.250   76.63   
  1.750   63.58   
  2.250   65.48   
  2.750   69.39   
  3.250   73.96   
  3.750   67.38   
  4.250   65.12   
  4.750   59.45   
  5.250   56.09   
  5.750   40.83   
  6.250   25.77   
  6.750    5.36   
  7.250   -4.59   
  7.750  -11.65   
  8.250  -15.92   
  8.750  -24.27   
  9.250  -35.07   
  9.750  -40.12   
 10.250  -40.34   
 10.750  -40.54   
 11.250  -43.46   
 11.750  -46.86   
 12.250  -48.27   
 12.750  -44.67   
 13.250  -40.51   
 13.750  -32.17   
 14.250  -28.06   
 14.750  -22.50   
 15.250  -15.41   
 15.750   -8.43   
 16.250   -3.09   
 16.750    7.69   
 17.250   22.58   
 17.750   44.37   
 18.250   66.79   
 18.750   91.56   
 19.250  114.91   
 19.750  121.80   
 20.250  125.01   
 20.750  125.00   
 21.250  130.68   
 21.750  142.34   
 22.250  138.67   
 22.750  123.46   
 23.250  106.16   
 23.750   93.57   
 23.750   93.57   
  0.250   52.80   
  0.750   48.31   
  1.250   42.65   
  1.750   30.57   
  2.250   30.42   
  2.750   34.80   
  3.250   45.29   
  3.750   46.65   
  4.250   49.12   
  4.750   30.77   
  5.250   15.92   
  5.750  -14.42   
  6.250  -22.09   
  6.750  -23.73   
  7.250  -20.16   
  7.750  -24.30   
  8.250  -33.93   
  8.750  -39.42   
  9.250  -40.25   
  9.750  -42.37   
 10.250  -45.73   
 10.750  -48.51   
 11.250  -52.47   
 11.750  -51.84   
 12.250  -49.10   
 12.750  -44.13   
 13.250  -40.04   
 13.750  -37.51   
 14.250  -35.13   
 14.750  -30.28   
 15.250  -25.16   
 15.750  -18.26   
 16.250  -11.64   
 16.750   -3.53   
 17.250    5.62   
 17.750   15.59   
 18.250   24.89   
 18.750   39.51   
 19.250   57.29   
 19.750   73.40   
 20.250   84.13   
 20.750   88.27   
 21.250   91.04   
 21.750   93.40   
 22.250   82.85   
 22.750   73.26   
 23.250   57.63   
 23.750   54.52   
 23.750   54.52   
  0.250   75.80   
  0.750   75.49   
  1.250   73.54   
  1.750   69.34   
  2.250   71.64   
  2.750   74.45   
  3.250   68.38   
  3.750   56.17  
  4.250   38.33   
  4.750   21.76   
  5.250    6.63   
  5.750   -2.27   
  6.250   -9.73   
  6.750  -19.58   
  7.250  -19.30   
  7.750  -19.96   
  8.250  -20.27   
  8.750  -28.21   
  9.250  -33.76   
  9.750  -39.65  
 10.250  -40.98 
 10.750  -44.18   
 11.250  -43.15   
 11.750  -35.07   
 12.250  -31.11   
 12.750  -28.86   
 13.250  -36.16   
 13.750  -36.77   
 14.250  -31.07  
 14.750  -26.65   
 15.250  -13.37   
 15.750   -4.44   
 16.250    6.83   
 16.750   11.89  
 17.250   20.98   
 17.750   34.32   
 18.250   54.79   
 18.750   79.45   
 19.250  102.24   
 19.750  115.73   
 20.250  121.05   
 20.750  122.75   
 21.250  120.39   
 21.750  114.54   
 22.250  102.83   
 22.750   96.20   
 23.250   86.43   
 23.750   78.72   
 23.750   78.72   
  0.250   61.12  
  0.750   52.98   
  1.250   40.40 
  1.750   32.71
  2.250   27.91   
  2.750   32.39  
  3.250   42.47 
  3.750   41.01
  4.250   40.32   
  4.750   28.27   
  5.250   25.30   
  5.750   10.02  
  6.250   -2.06   
  6.750  -10.79   
  7.250  -17.70   
  7.750  -21.05   
  8.250  -26.74   
  8.750  -30.00   
  9.250  -34.38   
  9.750  -39.20   
 10.250  -39.90   
 10.750  -39.80   
 11.250  -40.87  
 11.750  -42.22   
 12.250  -43.47   
 12.750  -43.68   
 13.250  -42.69   
 13.750  -41.79   
 14.250  -36.28   
 14.750  -30.40  
 15.250  -22.65   
 15.750  -16.69   
 16.250  -10.78   
 16.750   -5.21   
 17.250    3.42   
 17.750   14.95   
 18.250   29.45   
 18.750   45.95   
 19.250   63.67   
 19.750   83.58   
 20.250   97.80   
 20.750  106.59   
 21.250  108.83   
 21.750  107.99   
 22.250  101.11  
 22.750   92.23   
 23.250   80.14   
 23.750   72.47   
 23.750   72.47   
  0.250  112.11  
  0.750  104.74   
  1.250   99.36   
  1.750   91.34   
  2.250   77.82   
  2.750   69.70   
  3.250   66.60   
  3.750   67.46   
  4.250   56.30   
  4.750   45.99   
  5.250   31.10   
  5.750   24.00   
  6.250    7.20   
  6.750   -5.74   
  7.250  -17.54   
  7.750  -19.85   
  8.250  -25.50   
  8.750  -35.16   
  9.250  -41.75   
  9.750  -45.86   
 10.250  -49.51   
 10.750  -55.86   
 11.250  -62.41   
 11.750  -64.12   
 12.250  -63.05   
 12.750  -58.57   
 13.250  -55.13   
 13.750  -50.19   
 14.250  -44.75   
 14.750  -37.96   
 15.250  -31.00   
 15.750  -22.38   
 16.250  -12.21   
 16.750   -2.20   
 17.250   11.59   
 17.750   33.67   
 18.250   57.03   
 18.750   81.83   
 19.250  112.39   
 19.750  146.34   
 20.250  165.91   
 20.750  165.51   
 21.250  153.35   
 21.750  147.78   
 22.250  146.62   
 22.750  146.92   
 23.250  139.96   
 23.750  127.05  
 23.750  127.05  
