  0.978000E+10 0.917700E+12 0.961350E+13 0.134275E+15 0.133700E+16 0.108315E+17
  0.491550E+17 0.183050E+18 0.547100E+18 0.173800E+19 0.533250E+19 0.788450E+19
  0.821900E+19 0.817950E+19 0.813600E+19 0.957500E+10 0.872550E+12 0.862850E+13
  0.116065E+15 0.120025E+16 0.952000E+16 0.423950E+17 0.164500E+18 0.644900E+18
  0.206700E+19 0.526550E+19 0.713250E+19 0.735950E+19 0.732050E+19 0.728650E+19
  0.549000E+10 0.490750E+12 0.460100E+13 0.665800E+14 0.811700E+15 0.772350E+16
  0.409700E+17 0.187300E+18 0.783850E+18 0.229550E+19 0.484050E+19 0.610600E+19
  0.624600E+19 0.621200E+19 0.618700E+19 0.492200E+10 0.448900E+12 0.441900E+13
  0.666350E+14 0.818700E+15 0.816750E+16 0.452450E+17 0.214050E+18 0.850800E+18
  0.225750E+19 0.431750E+19 0.530950E+19 0.541450E+19 0.538650E+19 0.536650E+19
  0.433500E+10 0.428700E+12 0.536100E+13 0.882850E+14 0.108150E+16 0.105945E+17
  0.555900E+17 0.249550E+18 0.859700E+18 0.203650E+19 0.359900E+19 0.432250E+19
  0.439600E+19 0.437400E+19 0.435900E+19 0.476650E+10 0.465150E+12 0.544800E+13
  0.909050E+14 0.118445E+16 0.124405E+17 0.671350E+17 0.298550E+18 0.897550E+18
  0.181450E+19 0.300350E+19 0.355100E+19 0.360650E+19 0.358900E+19 0.357750E+19
  0.519500E+10 0.521200E+12 0.664150E+13 0.114315E+15 0.143450E+16 0.145150E+17
  0.754050E+17 0.322400E+18 0.880750E+18 0.164450E+19 0.262450E+19 0.307050E+19
  0.311450E+19 0.310050E+19 0.309050E+19 0.918000E+10 0.910900E+12 0.108660E+14
  0.174800E+15 0.207850E+16 0.198750E+17 0.922200E+17 0.347000E+18 0.809050E+18
  0.137500E+19 0.207900E+19 0.240600E+19 0.243900E+19 0.242850E+19 0.242150E+19
  0.736000E+10 0.800450E+12 0.116695E+14 0.210700E+15 0.252750E+16 0.236150E+17
  0.103005E+18 0.355100E+18 0.771400E+18 0.123550E+19 0.179950E+19 0.206500E+19
  0.209150E+19 0.208300E+19 0.207750E+19 0.969000E+10 0.106320E+13 0.158750E+14
  0.293750E+15 0.355400E+16 0.311800E+17 0.121180E+18 0.345600E+18 0.662750E+18
  0.996200E+18 0.140450E+19 0.160150E+19 0.162150E+19 0.161500E+19 0.161100E+19
  0.131250E+11 0.145235E+13 0.215700E+14 0.371550E+15 0.419050E+16 0.346950E+17
  0.130850E+18 0.339650E+18 0.603050E+18 0.885400E+18 0.123250E+19 0.139700E+19
  0.141350E+19 0.140850E+19 0.140500E+19 0.124000E+11 0.153180E+13 0.285600E+14
  0.580900E+15 0.621300E+16 0.428550E+17 0.141850E+18 0.309600E+18 0.501300E+18
  0.703500E+18 0.956900E+18 0.107750E+19 0.109000E+19 0.108650E+19 0.108350E+19
  0.200700E+11 0.247800E+13 0.446250E+14 0.830200E+15 0.807500E+16 0.480600E+17
  0.144350E+18 0.284050E+18 0.435700E+18 0.602250E+18 0.822650E+18 0.929500E+18
  0.940500E+18 0.937350E+18 0.935050E+18 0.335700E+11 0.404100E+13 0.688950E+14
  0.122410E+16 0.113255E+17 0.556900E+17 0.138950E+18 0.248900E+18 0.367350E+18
  0.495650E+18 0.668050E+18 0.754400E+18 0.763500E+18 0.761050E+18 0.759200E+18
  0.497100E+11 0.628700E+13 0.115620E+15 0.185500E+16 0.152350E+17 0.608100E+17
  0.131200E+18 0.216450E+18 0.308300E+18 0.418500E+18 0.578600E+18 0.661050E+18
  0.670000E+18 0.667750E+18 0.666100E+18 0.645000E+11 0.787850E+13 0.135600E+15
  0.228450E+16 0.186300E+17 0.630050E+17 0.123950E+18 0.194650E+18 0.270100E+18
  0.359050E+18 0.488900E+18 0.557750E+18 0.565350E+18 0.563500E+18 0.562100E+18
  0.850000E+11 0.103290E+14 0.175800E+15 0.288150E+16 0.216450E+17 0.651700E+17
  0.117050E+18 0.174150E+18 0.235700E+18 0.309150E+18 0.416100E+18 0.474000E+18
  0.480400E+18 0.478850E+18 0.477700E+18 0.143300E+12 0.174010E+14 0.290050E+15
  0.408700E+16 0.248500E+17 0.658350E+17 0.112600E+18 0.157900E+18 0.205900E+18
  0.270500E+18 0.374150E+18 0.434950E+18 0.442000E+18 0.440600E+18 0.439450E+18
  0.282750E+12 0.342000E+14 0.558350E+15 0.615100E+16 0.293800E+17 0.676250E+17
  0.106400E+18 0.145650E+18 0.187250E+18 0.239100E+18 0.323900E+18 0.375950E+18
  0.382050E+18 0.381000E+18 0.380000E+18 0.319150E+12 0.386000E+14 0.641000E+15
  0.731450E+16 0.321650E+17 0.671700E+17 0.100435E+18 0.132650E+18 0.165400E+18
  0.207300E+18 0.276400E+18 0.318350E+18 0.323350E+18 0.322450E+18 0.321650E+18
  0.571500E+12 0.665900E+14 0.101955E+16 0.974800E+16 0.359400E+17 0.690200E+17
  0.995900E+17 0.128100E+18 0.160850E+18 0.205200E+18 0.280600E+18 0.324850E+18
  0.330050E+18 0.329050E+18 0.328150E+18
