  0.000000E+00 0.000000E+00 0.000000E+00 0.000000E+00 0.000000E+00 0.000000E+00
  0.176112E+01 0.822345E+00 0.155067E+01 0.152719E+01 0.138321E+01 0.127034E+01
  0.124873E+01 0.133910E+01 0.000000E+00 0.000000E+00 0.000000E+00 0.000000E+00
  0.000000E+00 0.000000E+00 0.000000E+00 0.000000E+00 0.000000E+00 0.000000E+00
  0.000000E+00 0.000000E+00 0.000000E+00 0.205234E+01 0.728096E+00 0.104895E+01
  0.103904E+01 0.945154E+00 0.847785E+00 0.829808E+00 0.891252E+00 0.175681E+00
  0.000000E+00 0.000000E+00 0.000000E+00 0.000000E+00 0.000000E+00 0.000000E+00
  0.000000E+00 0.000000E+00 0.000000E+00 0.000000E+00 0.000000E+00 0.000000E+00
  0.176353E+01 0.447343E+00 0.807555E+00 0.807063E+00 0.750601E+00 0.665525E+00
  0.634197E+00 0.677348E+00 0.173868E+00 0.000000E+00 0.000000E+00 0.000000E+00
  0.000000E+00 0.000000E+00 0.000000E+00 0.000000E+00 0.000000E+00 0.000000E+00
  0.000000E+00 0.000000E+00 0.329613E-01 0.195879E+01 0.613505E+00 0.714161E+00
  0.713026E+00 0.652276E+00 0.586275E+00 0.553470E+00 0.577385E+00 0.196194E+00
  0.000000E+00 0.000000E+00 0.000000E+00 0.000000E+00 0.000000E+00 0.000000E+00
  0.000000E+00 0.000000E+00 0.000000E+00 0.000000E+00 0.000000E+00 0.576852E-01
  0.331808E+01 0.139278E+01 0.577752E+00 0.582255E+00 0.550557E+00 0.482229E+00
  0.459432E+00 0.462848E+00 0.329262E+00 0.000000E+00 0.000000E+00 0.000000E+00
  0.000000E+00 0.000000E+00 0.000000E+00 0.000000E+00 0.000000E+00 0.000000E+00
  0.000000E+00 0.000000E+00 0.227154E+00 0.287974E+01 0.174146E+01 0.381647E+00
  0.445633E+00 0.421553E+00 0.368440E+00 0.344986E+00 0.348666E+00 0.289378E+00
  0.000000E+00 0.000000E+00 0.000000E+00 0.000000E+00 0.000000E+00 0.000000E+00
  0.000000E+00 0.000000E+00 0.000000E+00 0.000000E+00 0.000000E+00 0.276013E+00
  0.242125E+01 0.182177E+01 0.292266E+00 0.350354E+00 0.341321E+00 0.307293E+00
  0.282153E+00 0.282593E+00 0.286837E+00 0.000000E+00 0.000000E+00 0.000000E+00
  0.000000E+00 0.000000E+00 0.000000E+00 0.000000E+00 0.000000E+00 0.000000E+00
  0.000000E+00 0.000000E+00 0.313156E-01 0.147856E+01 0.267142E+01 0.434444E+00
  0.673935E-01 0.359991E+00 0.571044E+00 0.373516E+00 0.856983E-01 0.392118E-02
  0.000000E+00 0.000000E+00 0.000000E+00 0.000000E+00 0.000000E+00 0.000000E+00
  0.000000E+00 0.000000E+00 0.000000E+00 0.000000E+00 0.000000E+00 0.258786E-01
  0.115000E+01 0.224782E+01 0.108672E+01 0.239463E+00 0.187978E+00 0.182117E+00
  0.113058E+00 0.578826E-02 0.000000E+00 0.000000E+00 0.000000E+00 0.000000E+00
  0.000000E+00 0.000000E+00 0.000000E+00 0.000000E+00 0.000000E+00 0.000000E+00
  0.000000E+00 0.000000E+00 0.000000E+00 0.230361E+00 0.183307E+01 0.583763E+00
  0.185658E+00 0.182330E+00 0.165524E+00 0.152363E+00 0.150334E+00 0.359514E-01
  0.000000E+00 0.000000E+00 0.000000E+00 0.000000E+00 0.000000E+00 0.000000E+00
  0.000000E+00 0.000000E+00 0.000000E+00 0.000000E+00 0.000000E+00 0.000000E+00
  0.189039E+00 0.199313E+01 0.307571E+00 0.177503E+00 0.174916E+00 0.158560E+00
  0.145624E+00 0.117293E+00 0.357399E-01 0.000000E+00 0.000000E+00 0.000000E+00
  0.000000E+00 0.000000E+00 0.000000E+00 0.000000E+00 0.000000E+00 0.000000E+00
  0.000000E+00 0.000000E+00 0.000000E+00 0.252836E+00 0.184262E+01 0.696492E+00
  0.238916E+00 0.234633E+00 0.213007E+00 0.199985E+00 0.649403E-01 0.000000E+00
  0.000000E+00 0.000000E+00 0.000000E+00 0.000000E+00 0.000000E+00 0.000000E+00
  0.000000E+00 0.000000E+00 0.000000E+00 0.000000E+00 0.000000E+00 0.000000E+00
  0.383370E+00 0.133665E+01 0.113062E+01 0.641301E+00 0.352155E+00 0.205945E+00
  0.101960E+00 0.769666E-01 0.000000E+00 0.000000E+00 0.000000E+00 0.000000E+00
  0.000000E+00 0.000000E+00 0.000000E+00 0.000000E+00 0.000000E+00 0.000000E+00
  0.000000E+00 0.000000E+00 0.000000E+00 0.120299E+00 0.907742E+00 0.351854E+00
  0.792585E+00 0.115795E+01 0.744533E+00 0.797499E-01 0.000000E+00 0.000000E+00
  0.000000E+00 0.000000E+00 0.000000E+00 0.000000E+00 0.000000E+00 0.000000E+00
  0.000000E+00 0.000000E+00 0.000000E+00 0.000000E+00 0.000000E+00 0.000000E+00
  0.102943E+00 0.365349E+00 0.430295E+00 0.123143E+01 0.171709E+01 0.107055E+01
  0.106432E+00 0.000000E+00 0.000000E+00 0.000000E+00 0.000000E+00 0.000000E+00
  0.000000E+00 0.000000E+00 0.000000E+00 0.000000E+00 0.000000E+00 0.000000E+00
  0.000000E+00 0.000000E+00 0.000000E+00 0.000000E+00 0.839571E+00 0.204983E+01
  0.220929E+01 0.166550E+01 0.549456E+00 0.755912E-01 0.000000E+00 0.000000E+00
  0.000000E+00 0.000000E+00 0.000000E+00 0.000000E+00 0.000000E+00 0.000000E+00
  0.000000E+00 0.000000E+00 0.000000E+00 0.000000E+00 0.000000E+00 0.000000E+00
  0.513004E-03 0.125132E+01 0.284259E+01 0.267553E+01 0.166976E+01 0.502631E+00
  0.562504E-01 0.000000E+00 0.000000E+00 0.000000E+00 0.000000E+00 0.000000E+00
  0.000000E+00 0.000000E+00 0.000000E+00 0.000000E+00 0.000000E+00 0.000000E+00
  0.000000E+00 0.000000E+00 0.000000E+00 0.408164E+00 0.920685E+00 0.210700E+01
  0.298519E+01 0.251448E+01 0.136636E+01 0.103828E+00 0.000000E+00 0.000000E+00
  0.000000E+00 0.000000E+00 0.000000E+00 0.000000E+00 0.000000E+00 0.000000E+00
  0.000000E+00 0.000000E+00 0.000000E+00 0.000000E+00 0.000000E+00 0.000000E+00
  0.852769E+00 0.978020E-01 0.751639E+00 0.252657E+01 0.307063E+01 0.181663E+01
  0.256173E+00 0.000000E+00 0.000000E+00 0.000000E+00 0.000000E+00 0.000000E+00
  0.000000E+00 0.000000E+00 0.000000E+00 0.000000E+00 0.000000E+00 0.000000E+00
  0.000000E+00 0.000000E+00 0.000000E+00 0.161973E+01 0.108990E+01 0.164370E+01
  0.162824E+01 0.148316E+01 0.132741E+01 0.130352E+01 0.337243E+00 0.000000E+00
  0.000000E+00 0.000000E+00 0.000000E+00 0.000000E+00 0.000000E+00 0.000000E+00
  0.500000E-01 0.500000E-01 0.500000E-01 0.500000E-01 0.500000E-01 0.500000E-01
  0.478693E+01 0.302166E+01 0.300000E+01 0.300000E+01 0.300000E+01 0.300000E+01
  0.299836E+01 0.299832E+01 0.299688E+01 0.299735E+01 0.299783E+01 0.299840E+01
  0.299907E+01 0.299936E+01 0.500000E-01 0.500000E-01 0.500000E-01 0.500000E-01
  0.500000E-01 0.500000E-01 0.500000E-01 0.505318E+01 0.294188E+01 0.292564E+01
  0.292627E+01 0.292665E+01 0.292797E+01 0.292775E+01 0.292989E+01 0.293168E+01
  0.292368E+01 0.292599E+01 0.293053E+01 0.293947E+01 0.293402E+01 0.500000E-01
  0.500000E-01 0.500000E-01 0.500000E-01 0.500000E-01 0.500000E-01 0.500000E-01
  0.479031E+01 0.285484E+01 0.275108E+01 0.275280E+01 0.275484E+01 0.275750E+01
  0.274270E+01 0.274375E+01 0.274622E+01 0.274984E+01 0.277086E+01 0.273631E+01
  0.276858E+01 0.282380E+01 0.500000E-01 0.500000E-01 0.500000E-01 0.500000E-01
  0.500000E-01 0.500000E-01 0.546323E+00 0.507009E+01 0.308933E+01 0.248276E+01
  0.248368E+01 0.244238E+01 0.244671E+01 0.245007E+01 0.245341E+01 0.246597E+01
  0.248097E+01 0.247313E+01 0.250364E+01 0.249746E+01 0.267750E+01 0.500000E-01
  0.500000E-01 0.500000E-01 0.500000E-01 0.500000E-01 0.500000E-01 0.124077E+01
  0.688496E+01 0.445255E+01 0.208734E+01 0.209160E+01 0.209690E+01 0.210463E+01
  0.211151E+01 0.209151E+01 0.209568E+01 0.210730E+01 0.208973E+01 0.214190E+01
  0.212338E+01 0.249413E+01 0.500000E-01 0.500000E-01 0.500000E-01 0.500000E-01
  0.500000E-01 0.500000E-01 0.210299E+01 0.657509E+01 0.479252E+01 0.175392E+01
  0.175998E+01 0.172075E+01 0.172431E+01 0.171791E+01 0.168539E+01 0.169065E+01
  0.170536E+01 0.173464E+01 0.168574E+01 0.163096E+01 0.147065E+01 0.500000E-01
  0.500000E-01 0.500000E-01 0.500000E-01 0.500000E-01 0.500000E-01 0.349824E+01
  0.675177E+01 0.499205E+01 0.124950E+01 0.125336E+01 0.125824E+01 0.126470E+01
  0.130126E+01 0.129890E+01 0.129653E+01 0.130847E+01 0.131981E+01 0.124364E+01
  0.127765E+01 0.126587E+01 0.500000E-01 0.500000E-01 0.500000E-01 0.500000E-01
  0.500000E-01 0.500000E-01 0.148659E+01 0.665286E+01 0.757482E+01 0.943560E+00
  0.946522E+00 0.950148E+00 0.955011E+00 0.936299E+00 0.939173E+00 0.942667E+00
  0.968309E+00 0.906264E+00 0.910889E+00 0.941603E+00 0.918418E+00 0.500000E-01
  0.500000E-01 0.500000E-01 0.500000E-01 0.500000E-01 0.500000E-01 0.143141E+01
  0.643183E+01 0.787176E+01 0.233510E+01 0.691228E+00 0.693392E+00 0.663629E+00
  0.665503E+00 0.636829E+00 0.641194E+00 0.644357E+00 0.633786E+00 0.638538E+00
  0.661942E+00 0.628931E+00 0.500000E-01 0.500000E-01 0.500000E-01 0.500000E-01
  0.500000E-01 0.500000E-01 0.500000E-01 0.453329E+01 0.785289E+01 0.229153E+01
  0.448418E+00 0.448817E+00 0.449360E+00 0.462744E+00 0.465102E+00 0.466820E+00
  0.467794E+00 0.462688E+00 0.464503E+00 0.471243E+00 0.490244E+00 0.500000E-01
  0.500000E-01 0.500000E-01 0.500000E-01 0.500000E-01 0.500000E-01 0.500000E-01
  0.719372E+01 0.815469E+01 0.107831E+01 0.400000E+00 0.400000E+00 0.400000E+00
  0.400000E+00 0.402162E+00 0.402333E+00 0.404628E+00 0.404307E+00 0.404082E+00
  0.404067E+00 0.405008E+00 0.500000E-01 0.500000E-01 0.500000E-01 0.500000E-01
  0.500000E-01 0.500000E-01 0.500000E-01 0.387402E+01 0.856822E+01 0.219143E+01
  0.448419E+00 0.448818E+00 0.449361E+00 0.462743E+00 0.465102E+00 0.466820E+00
  0.467793E+00 0.462686E+00 0.464502E+00 0.471244E+00 0.490245E+00 0.500000E-01
  0.500000E-01 0.500000E-01 0.500000E-01 0.500000E-01 0.500000E-01 0.500000E-01
  0.729863E+01 0.108258E+02 0.289571E+01 0.691230E+00 0.693393E+00 0.663625E+00
  0.665501E+00 0.636827E+00 0.641190E+00 0.644358E+00 0.633787E+00 0.638539E+00
  0.661950E+00 0.628932E+00 0.500000E-01 0.500000E-01 0.500000E-01 0.500000E-01
  0.500000E-01 0.500000E-01 0.500000E-01 0.171923E+01 0.132766E+02 0.943562E+00
  0.946523E+00 0.950149E+00 0.955013E+00 0.936300E+00 0.939172E+00 0.942668E+00
  0.968309E+00 0.906255E+00 0.910887E+00 0.941605E+00 0.918420E+00 0.500000E-01
  0.500000E-01 0.500000E-01 0.500000E-01 0.500000E-01 0.500000E-01 0.500000E-01
  0.419289E+01 0.116612E+02 0.124950E+01 0.125336E+01 0.125824E+01 0.126470E+01
  0.130126E+01 0.129891E+01 0.129653E+01 0.130846E+01 0.131981E+01 0.124364E+01
  0.127765E+01 0.126587E+01 0.500000E-01 0.500000E-01 0.500000E-01 0.500000E-01
  0.500000E-01 0.500000E-01 0.500000E-01 0.500000E-01 0.212810E+01 0.175392E+01
  0.175999E+01 0.172075E+01 0.172431E+01 0.171791E+01 0.168539E+01 0.169065E+01
  0.170536E+01 0.173464E+01 0.168573E+01 0.163096E+01 0.147066E+01 0.500000E-01
  0.500000E-01 0.500000E-01 0.500000E-01 0.500000E-01 0.500000E-01 0.500000E-01
  0.899798E-01 0.304113E+01 0.208734E+01 0.209160E+01 0.209690E+01 0.210464E+01
  0.211151E+01 0.209151E+01 0.209568E+01 0.210730E+01 0.208973E+01 0.214190E+01
  0.212338E+01 0.249413E+01 0.500000E-01 0.500000E-01 0.500000E-01 0.500000E-01
  0.500000E-01 0.500000E-01 0.500000E-01 0.155573E+01 0.307722E+01 0.248276E+01
  0.248367E+01 0.244238E+01 0.244670E+01 0.245007E+01 0.245342E+01 0.246597E+01
  0.248097E+01 0.247313E+01 0.250362E+01 0.249747E+01 0.267750E+01 0.500000E-01
  0.500000E-01 0.500000E-01 0.500000E-01 0.500000E-01 0.500000E-01 0.500000E-01
  0.241482E+01 0.285329E+01 0.275108E+01 0.275280E+01 0.275484E+01 0.275750E+01
  0.274270E+01 0.274375E+01 0.274621E+01 0.274984E+01 0.277085E+01 0.273631E+01
  0.276858E+01 0.282380E+01 0.500000E-01 0.500000E-01 0.500000E-01 0.500000E-01
  0.500000E-01 0.500000E-01 0.500000E-01 0.434604E+01 0.294187E+01 0.292564E+01
  0.292627E+01 0.292665E+01 0.292797E+01 0.292774E+01 0.292989E+01 0.293168E+01
  0.292368E+01 0.292599E+01 0.293053E+01 0.293947E+01 0.293402E+01 0.500000E-01
 -0.797384E+03-0.539131E+03-0.645673E+03 0.111254E+04 0.503037E+04 0.358680E+04
 -0.253657E+04-0.830407E+04-0.946948E+04-0.658230E+04-0.114152E+04 0.311264E+04
  0.324262E+04 0.277369E+04 0.270151E+04 0.269061E+04 0.268931E+04 0.269104E+04
  0.269426E+04 0.269863E+04 0.270420E+04 0.270855E+04 0.271338E+04-0.113837E+04
 -0.305048E+04-0.619165E+04-0.591798E+04-0.174065E+04-0.150032E+04-0.617701E+04
 -0.135799E+05-0.151641E+05-0.111873E+05-0.444128E+04 0.917332E+03 0.336345E+04
  0.297517E+04 0.288358E+04 0.280918E+04 0.276554E+04 0.272934E+04 0.270725E+04
  0.269685E+04 0.269204E+04 0.269031E+04 0.269092E+04-0.160190E+04-0.423728E+04
 -0.962403E+04-0.123818E+05-0.124280E+05-0.162671E+05-0.221102E+05-0.279622E+05
 -0.304312E+05-0.269369E+05-0.171917E+05-0.744173E+04 0.109066E+04 0.268149E+04
  0.261642E+04 0.257725E+04 0.255676E+04 0.255557E+04 0.256143E+04 0.257185E+04
  0.258594E+04 0.259717E+04 0.260929E+04-0.204427E+04-0.505755E+04-0.107519E+05
 -0.160807E+05-0.193610E+05-0.239898E+05-0.329360E+05-0.407266E+05-0.432555E+05
 -0.381276E+05-0.279696E+05-0.165761E+05-0.645812E+04 0.150834E+04 0.188976E+04
  0.206565E+04 0.216531E+04 0.227292E+04 0.233993E+04 0.239927E+04 0.243466E+04
  0.248855E+04 0.252064E+04-0.244890E+04-0.631543E+04-0.124717E+05-0.183898E+05
 -0.222429E+05-0.278117E+05-0.337379E+05-0.406247E+05-0.434800E+05-0.419837E+05
 -0.348305E+05-0.240082E+05-0.115669E+05-0.109899E+04 0.923725E+03 0.136925E+04
  0.178046E+04 0.197571E+04 0.212486E+04 0.224387E+04 0.234425E+04 0.239682E+04
  0.247804E+04-0.306557E+04-0.753783E+04-0.131397E+05-0.186666E+05-0.229996E+05
 -0.277870E+05-0.325505E+05-0.370370E+05-0.399566E+05-0.383392E+05-0.328452E+05
 -0.246614E+05-0.137025E+05-0.413155E+04 0.851390E+03 0.131502E+04 0.163260E+04
  0.190100E+04 0.205332E+04 0.217654E+04 0.227978E+04 0.234222E+04 0.239904E+04
 -0.329593E+04-0.783444E+04-0.129735E+05-0.175584E+05-0.212315E+05-0.245573E+05
 -0.282877E+05-0.318513E+05-0.339189E+05-0.332734E+05-0.280344E+05-0.205093E+05
 -0.127633E+05-0.454597E+04-0.150374E+02 0.890840E+03 0.112107E+04 0.131892E+04
  0.156269E+04 0.171455E+04 0.186016E+04 0.194367E+04 0.198714E+04-0.347425E+04
 -0.661737E+04-0.105245E+05-0.147075E+05-0.166119E+05-0.188325E+05-0.206459E+05
 -0.241794E+05-0.260220E+05-0.246171E+05-0.203034E+05-0.135976E+05-0.671829E+04
 -0.351778E+04-0.126517E+04-0.188287E+03 0.197343E+03 0.453678E+03 0.687570E+03
  0.969445E+03 0.111487E+04 0.132125E+04 0.146340E+04-0.357777E+04-0.382111E+04
 -0.595096E+04-0.899591E+04-0.106585E+05-0.972562E+04-0.104324E+05-0.123184E+05
 -0.151617E+05-0.172926E+05-0.162152E+05-0.120637E+05-0.487630E+04-0.251140E+04
 -0.152723E+04-0.652807E+03-0.248101E+03 0.269415E+02 0.285640E+03 0.533051E+03
  0.778781E+03 0.103634E+04 0.120024E+04-0.361813E+04-0.421623E+03-0.127805E+04
 -0.252869E+04-0.277392E+04-0.128811E+04 0.393762E+03 0.597649E+03-0.190599E+04
 -0.456159E+04-0.589611E+04-0.591049E+04-0.304029E+04-0.180196E+04-0.135092E+04
 -0.698299E+03-0.383429E+03-0.133845E+02 0.233877E+03 0.469560E+03 0.703213E+03
  0.946429E+03 0.110780E+04 0.144284E+04 0.180644E+04 0.293643E+04 0.302681E+04
  0.377705E+04 0.581825E+04 0.814832E+04 0.934862E+04 0.830043E+04 0.613516E+04
  0.232495E+04 0.337618E+03-0.183756E+03-0.676489E+03-0.139957E+04-0.376190E+03
  0.141035E+02 0.296379E+03 0.489785E+03 0.679531E+03 0.872672E+03 0.107822E+04
  0.121664E+04 0.142442E+04 0.490570E+04 0.678709E+04 0.833485E+04 0.104311E+05
  0.121399E+05 0.154922E+05 0.183311E+05 0.198417E+05 0.195306E+05 0.174182E+05
  0.132087E+05 0.731494E+04 0.244340E+04-0.841877E+03-0.458382E+02 0.632308E+03
  0.755892E+03 0.894906E+03 0.104286E+04 0.120055E+04 0.137400E+04 0.148733E+04
  0.138690E+04 0.630785E+04 0.995841E+04 0.129605E+05 0.152948E+05 0.191292E+05
  0.227696E+05 0.270388E+05 0.282976E+05 0.264142E+05 0.223642E+05 0.167256E+05
  0.108545E+05 0.384006E+04-0.274775E+03 0.482590E+02 0.818704E+03 0.990265E+03
  0.115289E+04 0.135730E+04 0.146601E+04 0.162314E+04 0.173273E+04 0.132763E+04
  0.711397E+04 0.122463E+05 0.156538E+05 0.195193E+05 0.242560E+05 0.291595E+05
  0.324299E+05 0.330110E+05 0.302833E+05 0.245753E+05 0.182013E+05 0.124512E+05
  0.349481E+04 0.160583E+04 0.132177E+04 0.144288E+04 0.158311E+04 0.178345E+04
  0.192090E+04 0.206044E+04 0.214337E+04 0.219340E+04 0.125494E+04 0.699944E+04
  0.129767E+05 0.171549E+05 0.210958E+05 0.268802E+05 0.318454E+05 0.350132E+05
  0.350292E+05 0.318100E+05 0.255833E+05 0.188720E+05 0.111184E+05 0.399025E+04
  0.260381E+04 0.224688E+04 0.218101E+04 0.235747E+04 0.247078E+04 0.256817E+04
  0.265281E+04 0.270504E+04 0.275248E+04 0.105304E+04 0.566279E+04 0.120398E+05
  0.164303E+05 0.204490E+05 0.268379E+05 0.314019E+05 0.334378E+05 0.317859E+05
  0.265904E+05 0.200546E+05 0.137123E+05 0.846039E+04 0.482417E+04 0.382714E+04
  0.342490E+04 0.328964E+04 0.324906E+04 0.321382E+04 0.318045E+04 0.314613E+04
  0.312471E+04 0.308477E+04 0.901090E+03 0.399923E+04 0.103705E+05 0.146299E+05
  0.196582E+05 0.251629E+05 0.285427E+05 0.276248E+05 0.237676E+05 0.164602E+05
  0.108011E+05 0.703361E+04 0.511838E+04 0.417634E+04 0.380196E+04 0.362737E+04
  0.348547E+04 0.333616E+04 0.324878E+04 0.317479E+04 0.313221E+04 0.306975E+04
  0.303406E+04 0.704041E+03 0.299500E+04 0.908765E+04 0.116910E+05 0.173659E+05
  0.205975E+05 0.198705E+05 0.164698E+05 0.105262E+05 0.711186E+04 0.433081E+04
  0.318432E+04 0.302663E+04 0.301722E+04 0.301863E+04 0.302148E+04 0.299066E+04
  0.296624E+04 0.294367E+04 0.292301E+04 0.290387E+04 0.289196E+04 0.288137E+04
  0.449282E+03 0.236943E+04 0.632995E+04 0.102722E+05 0.139173E+05 0.136189E+05
  0.942818E+04 0.268565E+04-0.109500E+03-0.590198E+03 0.838050E+03 0.200955E+04
  0.239907E+04 0.244160E+04 0.249625E+04 0.255932E+04 0.259933E+04 0.266308E+04
  0.269097E+04 0.271113E+04 0.272610E+04 0.273631E+04 0.275222E+04-0.533574E+03
  0.801485E+03 0.225385E+04 0.714416E+04 0.101035E+05 0.803901E+04 0.205447E+04
 -0.378853E+04-0.535500E+04-0.351396E+04 0.809301E+02 0.265176E+04 0.245680E+04
  0.225671E+04 0.233217E+04 0.242652E+04 0.251908E+04 0.256984E+04 0.260945E+04
  0.264176E+04 0.266977E+04 0.268632E+04 0.270142E+04
  0.137000E+04
  0.000000E+00 0.000000E+00 0.000000E+00 0.000000E+00 0.000000E+00 0.000000E+00
  0.250692E-04 0.114359E+07 0.143762E+13 0.561512E+16 0.668100E+18 0.117058E+20
  0.626795E+20 0.172823E+21 0.227039E+21 0.000000E+00 0.000000E+00 0.000000E+00
  0.000000E+00 0.674519E-19 0.456554E-02 0.131403E+08 0.378054E+13 0.566534E+16
  0.424732E+18 0.527423E+19 0.232278E+20 0.550708E+20 0.906207E+20 0.105461E+21
  0.000000E+00 0.000000E+00 0.000000E+00 0.816637E-15 0.404951E+00 0.103573E+09
  0.749938E+13 0.519180E+16 0.241649E+18 0.231795E+19 0.860105E+19 0.182881E+20
  0.280241E+20 0.354462E+20 0.381412E+20 0.000000E+00 0.000000E+00 0.000000E+00
  0.699979E-04 0.527555E+06 0.259975E+12 0.538426E+15 0.477200E+17 0.665166E+18
  0.310806E+19 0.753265E+19 0.124206E+20 0.163742E+20 0.189841E+20 0.198722E+20
  0.000000E+00 0.000000E+00 0.174627E-11 0.191096E+02 0.568258E+09 0.121947E+14
  0.417939E+16 0.129455E+18 0.968890E+18 0.312240E+19 0.607329E+19 0.879303E+19
  0.107477E+20 0.119423E+20 0.123333E+20 0.000000E+00 0.000000E+00 0.111562E-05
  0.336607E+05 0.361870E+11 0.117269E+15 0.134632E+17 0.219104E+18 0.111892E+19
  0.287006E+19 0.487856E+19 0.652746E+19 0.762664E+19 0.826685E+19 0.847087E+19
  0.000000E+00 0.357434E-17 0.804479E-02 0.479906E+07 0.562535E+12 0.512627E+15
  0.281192E+17 0.295715E+18 0.116462E+19 0.255850E+19 0.397010E+19 0.503874E+19
  0.571478E+19 0.609577E+19 0.621483E+19 0.000000E+00 0.137116E-08 0.510939E+03
  0.226985E+10 0.165029E+14 0.302899E+16 0.649593E+17 0.391238E+18 0.110557E+19
  0.199365E+19 0.275651E+19 0.327542E+19 0.358203E+19 0.374770E+19 0.379807E+19
  0.808448E-20 0.185153E-03 0.375676E+06 0.880913E+11 0.119392E+15 0.825932E+16
  0.996095E+17 0.425895E+18 0.981461E+18 0.156855E+19 0.202251E+19 0.231100E+19
  0.247435E+19 0.256038E+19 0.258605E+19 0.248898E-11 0.964079E+01 0.160026E+09
  0.246414E+13 0.697706E+15 0.193111E+17 0.135320E+18 0.418650E+18 0.796043E+18
  0.113624E+19 0.137356E+19 0.151477E+19 0.159156E+19 0.163106E+19 0.164262E+19
  0.440856E-06 0.828840E+04 0.682564E+10 0.189875E+14 0.199559E+16 0.308190E+17
  0.152654E+18 0.384082E+18 0.646176E+18 0.858837E+18 0.997448E+18 0.107646E+19
  0.111834E+19 0.113957E+19 0.114570E+19 0.149715E-01 0.281122E+07 0.170709E+12
  0.106585E+15 0.468854E+16 0.432550E+17 0.157641E+18 0.330432E+18 0.499199E+18
  0.623588E+18 0.699820E+18 0.741647E+18 0.763327E+18 0.774183E+18 0.777275E+18
  0.601887E+02 0.288376E+09 0.215799E+13 0.402688E+15 0.872161E+16 0.528328E+17
  0.149855E+18 0.270682E+18 0.374829E+18 0.445616E+18 0.486825E+18 0.508740E+18
  0.519899E+18 0.525434E+18 0.526992E+18 0.145603E+05 0.616690E+10 0.113396E+14
  0.936903E+15 0.125512E+17 0.571267E+17 0.136666E+18 0.223206E+18 0.291545E+18
  0.335439E+18 0.360105E+18 0.372948E+18 0.379412E+18 0.382600E+18 0.383489E+18
  0.125444E+08 0.270233E+12 0.845992E+14 0.248355E+16 0.180236E+17 0.569352E+17
  0.109622E+18 0.157576E+18 0.191305E+18 0.211424E+18 0.222226E+18 0.227704E+18
  0.230422E+18 0.231754E+18 0.232121E+18 0.651198E+09 0.249292E+13 0.266002E+15
  0.414400E+16 0.206338E+17 0.520764E+17 0.877822E+17 0.116779E+18 0.135724E+18
  0.146512E+18 0.152145E+18 0.154957E+18 0.156342E+18 0.157018E+18 0.157202E+18
  0.835987E+10 0.105876E+14 0.546514E+15 0.553903E+16 0.213501E+17 0.462675E+17
  0.712861E+17 0.900435E+17 0.101686E+18 0.108108E+18 0.111399E+18 0.113025E+18
  0.113822E+18 0.114210E+18 0.114315E+18 0.173676E+12 0.599633E+14 0.123587E+16
  0.723737E+16 0.201152E+17 0.358982E+17 0.493650E+17 0.584509E+17 0.637250E+17
  0.665178E+17 0.679160E+17 0.685985E+17 0.689311E+17 0.690929E+17 0.691363E+17
  0.932345E+12 0.157391E+15 0.186740E+16 0.781479E+16 0.177711E+17 0.281661E+17
  0.361595E+17 0.412029E+17 0.440105E+17 0.454608E+17 0.461769E+17 0.465242E+17
  0.466929E+17 0.467750E+17 0.467968E+17 0.259718E+13 0.281927E+15 0.232571E+16
  0.776183E+16 0.154122E+17 0.225514E+17 0.276557E+17 0.307298E+17 0.323929E+17
  0.332378E+17 0.336513E+17 0.338510E+17 0.339479E+17 0.339950E+17 0.340075E+17
  0.503662E+13 0.406994E+15 0.260526E+16 0.739718E+16 0.133250E+17 0.184132E+17
  0.218595E+17 0.238652E+17 0.249280E+17 0.254616E+17 0.257212E+17 0.258462E+17
  0.259068E+17 0.259363E+17 0.259441E+17 0.927428E+13 0.559482E+15 0.276356E+16
  0.662489E+16 0.107682E+17 0.140111E+17 0.160805E+17 0.172409E+17 0.178423E+17
  0.181405E+17 0.182847E+17 0.183539E+17 0.183875E+17 0.184039E+17 0.184082E+17
  0.131445E+14 0.654778E+15 0.271971E+16 0.580737E+16 0.879363E+16 0.109782E+17
  0.123132E+17 0.130421E+17 0.134140E+17 0.135969E+17 0.136850E+17 0.137272E+17
  0.137477E+17 0.137577E+17 0.137603E+17
