  0.000000E+00 0.000000E+00 0.000000E+00 0.000000E+00 0.000000E+00 0.000000E+00
  0.250692E-04 0.114359E+07 0.143762E+13 0.561512E+16 0.668100E+18 0.117058E+20
  0.626795E+20 0.172823E+21 0.227039E+21 0.000000E+00 0.000000E+00 0.000000E+00
  0.000000E+00 0.674519E-19 0.456554E-02 0.131403E+08 0.378054E+13 0.566534E+16
  0.424732E+18 0.527423E+19 0.232278E+20 0.550708E+20 0.906207E+20 0.105461E+21
  0.000000E+00 0.000000E+00 0.000000E+00 0.816637E-15 0.404951E+00 0.103573E+09
  0.749938E+13 0.519180E+16 0.241649E+18 0.231795E+19 0.860105E+19 0.182881E+20
  0.280241E+20 0.354462E+20 0.381412E+20 0.000000E+00 0.000000E+00 0.000000E+00
  0.699979E-04 0.527555E+06 0.259975E+12 0.538426E+15 0.477200E+17 0.665166E+18
  0.310806E+19 0.753265E+19 0.124206E+20 0.163742E+20 0.189841E+20 0.198722E+20
  0.000000E+00 0.000000E+00 0.174627E-11 0.191096E+02 0.568258E+09 0.121947E+14
  0.417939E+16 0.129455E+18 0.968890E+18 0.312240E+19 0.607329E+19 0.879303E+19
  0.107477E+20 0.119423E+20 0.123333E+20 0.000000E+00 0.000000E+00 0.111562E-05
  0.336607E+05 0.361870E+11 0.117269E+15 0.134632E+17 0.219104E+18 0.111892E+19
  0.287006E+19 0.487856E+19 0.652746E+19 0.762664E+19 0.826685E+19 0.847087E+19
  0.000000E+00 0.357434E-17 0.804479E-02 0.479906E+07 0.562535E+12 0.512627E+15
  0.281192E+17 0.295715E+18 0.116462E+19 0.255850E+19 0.397010E+19 0.503874E+19
  0.571478E+19 0.609577E+19 0.621483E+19 0.000000E+00 0.137116E-08 0.510939E+03
  0.226985E+10 0.165029E+14 0.302899E+16 0.649593E+17 0.391238E+18 0.110557E+19
  0.199365E+19 0.275651E+19 0.327542E+19 0.358203E+19 0.374770E+19 0.379807E+19
  0.808448E-20 0.185153E-03 0.375676E+06 0.880913E+11 0.119392E+15 0.825932E+16
  0.996095E+17 0.425895E+18 0.981461E+18 0.156855E+19 0.202251E+19 0.231100E+19
  0.247435E+19 0.256038E+19 0.258605E+19 0.248898E-11 0.964079E+01 0.160026E+09
  0.246414E+13 0.697706E+15 0.193111E+17 0.135320E+18 0.418650E+18 0.796043E+18
  0.113624E+19 0.137356E+19 0.151477E+19 0.159156E+19 0.163106E+19 0.164262E+19
  0.440856E-06 0.828840E+04 0.682564E+10 0.189875E+14 0.199559E+16 0.308190E+17
  0.152654E+18 0.384082E+18 0.646176E+18 0.858837E+18 0.997448E+18 0.107646E+19
  0.111834E+19 0.113957E+19 0.114570E+19 0.149715E-01 0.281122E+07 0.170709E+12
  0.106585E+15 0.468854E+16 0.432550E+17 0.157641E+18 0.330432E+18 0.499199E+18
  0.623588E+18 0.699820E+18 0.741647E+18 0.763327E+18 0.774183E+18 0.777275E+18
  0.601887E+02 0.288376E+09 0.215799E+13 0.402688E+15 0.872161E+16 0.528328E+17
  0.149855E+18 0.270682E+18 0.374829E+18 0.445616E+18 0.486825E+18 0.508740E+18
  0.519899E+18 0.525434E+18 0.526992E+18 0.145603E+05 0.616690E+10 0.113396E+14
  0.936903E+15 0.125512E+17 0.571267E+17 0.136666E+18 0.223206E+18 0.291545E+18
  0.335439E+18 0.360105E+18 0.372948E+18 0.379412E+18 0.382600E+18 0.383489E+18
  0.125444E+08 0.270233E+12 0.845992E+14 0.248355E+16 0.180236E+17 0.569352E+17
  0.109622E+18 0.157576E+18 0.191305E+18 0.211424E+18 0.222226E+18 0.227704E+18
  0.230422E+18 0.231754E+18 0.232121E+18 0.651198E+09 0.249292E+13 0.266002E+15
  0.414400E+16 0.206338E+17 0.520764E+17 0.877822E+17 0.116779E+18 0.135724E+18
  0.146512E+18 0.152145E+18 0.154957E+18 0.156342E+18 0.157018E+18 0.157202E+18
  0.835987E+10 0.105876E+14 0.546514E+15 0.553903E+16 0.213501E+17 0.462675E+17
  0.712861E+17 0.900435E+17 0.101686E+18 0.108108E+18 0.111399E+18 0.113025E+18
  0.113822E+18 0.114210E+18 0.114315E+18 0.173676E+12 0.599633E+14 0.123587E+16
  0.723737E+16 0.201152E+17 0.358982E+17 0.493650E+17 0.584509E+17 0.637250E+17
  0.665178E+17 0.679160E+17 0.685985E+17 0.689311E+17 0.690929E+17 0.691363E+17
  0.932345E+12 0.157391E+15 0.186740E+16 0.781479E+16 0.177711E+17 0.281661E+17
  0.361595E+17 0.412029E+17 0.440105E+17 0.454608E+17 0.461769E+17 0.465242E+17
  0.466929E+17 0.467750E+17 0.467968E+17 0.259718E+13 0.281927E+15 0.232571E+16
  0.776183E+16 0.154122E+17 0.225514E+17 0.276557E+17 0.307298E+17 0.323929E+17
  0.332378E+17 0.336513E+17 0.338510E+17 0.339479E+17 0.339950E+17 0.340075E+17
  0.503662E+13 0.406994E+15 0.260526E+16 0.739718E+16 0.133250E+17 0.184132E+17
  0.218595E+17 0.238652E+17 0.249280E+17 0.254616E+17 0.257212E+17 0.258462E+17
  0.259068E+17 0.259363E+17 0.259441E+17 0.927428E+13 0.559482E+15 0.276356E+16
  0.662489E+16 0.107682E+17 0.140111E+17 0.160805E+17 0.172409E+17 0.178423E+17
  0.181405E+17 0.182847E+17 0.183539E+17 0.183875E+17 0.184039E+17 0.184082E+17
  0.131445E+14 0.654778E+15 0.271971E+16 0.580737E+16 0.879363E+16 0.109782E+17
  0.123132E+17 0.130421E+17 0.134140E+17 0.135969E+17 0.136850E+17 0.137272E+17
  0.137477E+17 0.137577E+17 0.137603E+17
