   -0.56  -1.87  -2.96  -4.01  -4.72  -4.63  -4.24  -3.69  -2.42  -0.58
    1.19   2.44   3.09   3.62   4.51   5.21   4.92   3.67   2.16   0.79
   -3.36  -7.49  -9.90 -10.98 -11.48 -10.23  -8.45  -6.52  -3.38  -0.16
    2.59   5.58   8.43  10.16  10.73   9.90   8.03   5.97   3.66   0.71
    0.36  -6.28 -12.23 -15.21 -17.03 -16.08 -13.51  -9.74  -4.01   1.29
    5.29   9.17  12.87  14.85  15.10  13.89  12.04  10.61   8.51   5.31
    3.76  -3.53 -13.67 -18.63 -21.13 -20.64 -17.88 -13.22  -6.25   0.71
    6.58  11.66  16.13  18.74  19.86  19.71  17.53  14.74  11.18   7.72
    1.16  -5.67 -19.15 -24.83 -26.13 -24.79 -21.20 -15.62  -7.96   0.03
    7.46  14.18  19.97  23.62  25.48  25.62  21.22  14.79   8.47   4.17
   -5.67 -12.19 -27.63 -33.24 -32.62 -29.56 -24.39 -17.20  -7.90   1.11
    9.19  17.54  24.67  28.97  30.09  28.59  20.90  10.99   2.69  -2.42
  -11.19 -17.88 -33.87 -39.72 -38.41 -34.28 -27.90 -19.08  -7.15   3.42
   11.77  21.34  28.83  32.65  31.61  27.15  17.05   6.11  -1.98  -6.96
  -11.49 -18.20 -33.33 -40.23 -40.31 -36.82 -30.69 -21.57  -7.47   5.01
   14.20  24.46  30.69  32.78  29.26  22.19  11.85   2.75  -3.18  -6.80
   -6.88 -12.70 -25.55 -33.72 -36.52 -35.17 -30.86 -23.46  -9.40   4.47
   15.39  25.75  29.30  29.02  23.96  15.90   7.39   1.66  -1.48  -3.03
   -0.88  -4.76 -14.18 -22.70 -27.82 -28.92 -27.09 -22.87 -11.68   1.97
   14.79  24.50  24.90  22.56  17.52  10.35   4.61   1.94   0.89   1.14
    2.87   1.28  -4.23 -11.47 -17.11 -19.73 -19.82 -18.77 -12.34  -1.03
   12.49  20.65  18.66  15.40  11.72   6.60   3.26   2.27   2.11   3.11
    3.09   3.18   1.03  -3.61  -7.79 -10.45 -11.19 -11.95 -10.20  -2.88
    9.09  14.90  12.16   9.38   7.51   4.52   2.61   2.01   1.92   2.57
    1.39   1.95   1.80  -0.09  -1.93  -3.56  -3.96  -4.80  -5.85  -2.78
    5.53   8.74   6.83   5.45   4.97   3.39   2.12   1.47   1.36   1.18
    0.43   0.55   0.83   0.60   0.52   0.03   0.14   0.13  -1.27  -1.17
    2.85   3.94   3.57   3.53   3.56   2.59   1.73   1.31   1.42   0.80
    1.35   0.99   0.83   0.83   1.12   1.22   1.32   1.87   1.60   0.77
    1.72   1.72   2.39   2.80   2.65   1.89   1.57   1.64   2.01   1.67
    2.71   2.43   2.03   1.66   1.44   1.61   1.32   1.54   2.26   1.96
    1.89   1.76   2.30   2.27   1.90   1.45   1.63   1.93   2.14   2.36
    2.31   2.38   2.48   2.27   1.78   1.98   1.64   1.23   1.79   2.02
    2.16   2.18   1.97   1.50   1.44   1.45   1.74   1.75   1.44   1.71
    0.85   0.74   1.35   1.75   1.59   1.91   2.07   1.70   1.53   1.43
    1.51   1.52   1.18   1.12   1.62   1.82   1.79   1.62   1.25   1.05
    1.92   1.49   1.57   1.66   1.41   1.38   1.67   1.88   1.78   1.51
    1.39   1.49   1.72   2.08   2.25   1.92   1.61   1.83   2.30   2.39
    1.44   1.12   1.18   1.25   1.06   1.04   1.25   1.41   1.34   1.13
    1.05   1.11   1.29   1.56   1.68   1.44   1.20   1.38   1.72   1.80
    0.96   0.75   0.79   0.84   0.71   0.70   0.83   0.94   0.90   0.74
    0.70   0.74   0.86   1.04   1.12   0.96   0.80   0.92   1.15   1.20
    0.48   0.37   0.39   0.42   0.36   0.34   0.42   0.47   0.44   0.38
    0.35   0.37   0.43   0.52   0.56   0.48   0.40   0.46   0.57   0.60
    0.00   0.00   0.00   0.00   0.00   0.00   0.00   0.00   0.00   0.00
    0.00   0.00   0.00   0.00   0.00   0.00   0.00   0.00   0.00   0.00
