   1.4014E-02  1.6025E-02  1.7760E-02  1.7534E-02  1.5621E-02
   1.2049E-02  6.9806E-03  1.2057E-03 -4.6174E-03 -9.8293E-03
  -1.3873E-02 -1.6133E-02 -1.6698E-02 -1.5627E-02 -1.3104E-02
  -9.4637E-03 -5.0879E-03 -7.0945E-04  2.6505E-03  6.3824E-03
   5.0493E-03  1.0199E-02  1.1843E-02  1.1999E-02  1.0584E-02
   7.9052E-03  4.2558E-03  2.4217E-04 -3.7219E-03 -7.2382E-03
  -9.8927E-03 -1.1220E-02 -1.1411E-02 -1.0605E-02 -8.8959E-03
  -6.5019E-03 -3.7694E-03 -1.1802E-03  7.1982E-04  3.1552E-03
   8.8475E-03  9.2541E-03  1.0327E-02  9.7253E-03  7.8046E-03
   4.7133E-03  9.6153E-04 -2.7880E-03 -6.3205E-03 -9.4475E-03
  -1.1505E-02 -1.1724E-02 -1.0937E-02 -9.6983E-03 -7.8019E-03
  -5.2464E-03 -2.7797E-03 -8.2510E-04  5.4876E-04  2.6014E-03
   1.1634E-02  1.0357E-02  1.1417E-02  1.0224E-02  7.0493E-03
   2.0791E-03 -3.2514E-03 -7.5875E-03 -1.1486E-02 -1.5861E-02
  -1.8524E-02 -1.6421E-02 -1.3317E-02 -1.1608E-02 -9.0765E-03
  -4.5465E-03 -1.2427E-03  9.7286E-05  1.1222E-03  3.3977E-03
   7.8572E-03  1.1115E-02  1.4258E-02  1.4094E-02  9.4536E-03
   6.1627E-04 -8.3367E-03 -1.2135E-02 -1.4515E-02 -2.3567E-02
  -3.1450E-02 -2.3205E-02 -1.4517E-02 -1.5647E-02 -1.3835E-02
  -2.5205E-03  2.5914E-03  2.1854E-04  5.6693E-04  4.5308E-03
   5.3388E-03  8.8579E-03  1.2423E-02  1.1924E-02  7.8938E-03
   3.4529E-03  1.3806E-03  1.9733E-03  1.0603E-03 -1.1160E-02
  -2.4651E-02 -1.9542E-02 -1.2893E-02 -1.6409E-02 -1.7107E-02
  -8.9125E-03 -6.1909E-03 -6.0427E-03 -2.1031E-03  2.5793E-03
   2.0558E-03  5.1506E-03  9.1983E-03  1.0077E-02  9.3550E-03
   1.1226E-02  1.5940E-02  1.7687E-02  1.1803E-02 -3.9196E-03
  -1.9124E-02 -1.8470E-02 -1.2980E-02 -1.0757E-02 -1.1627E-02
  -1.2324E-02 -1.0266E-02 -4.5159E-03  3.8440E-05  1.4836E-03
  -2.9837E-03 -3.2407E-03 -4.2918E-04  5.0811E-03  9.9386E-03
   1.4372E-02  1.5267E-02  1.3207E-02  1.0261E-02  9.6846E-03
   4.5194E-03 -5.2074E-03 -5.1670E-03  2.5989E-03  6.5963E-03
   1.3788E-03  9.7726E-04  3.0959E-03  1.9500E-03 -1.1550E-03
  -6.4183E-03 -9.1332E-03 -9.7100E-03 -4.0645E-03  6.6758E-03
   1.4570E-02  1.3995E-02  1.1464E-02  1.2843E-02  2.5954E-02
   3.5913E-02  2.0008E-02  8.5959E-03  1.4953E-02  2.2071E-02
   1.9671E-02  1.5594E-02  1.0986E-02  4.9478E-03 -1.5796E-03
  -8.5750E-03 -1.4585E-02 -1.7394E-02 -1.5610E-02 -5.9281E-03
   7.1802E-03  1.1573E-02  1.1159E-02  1.6744E-02  3.1069E-02
   4.1194E-02  3.3310E-02  2.1120E-02  1.9656E-02  2.1000E-02
   2.1493E-02  1.9746E-02  1.3700E-02  5.6582E-03 -1.5649E-03
  -8.1795E-03 -1.7041E-02 -2.4353E-02 -2.7511E-02 -2.2679E-02
  -7.7646E-03  3.2127E-03  5.7306E-03  1.0444E-02  2.1714E-02
   3.1222E-02  3.1419E-02  2.6229E-02  1.9912E-02  1.7105E-02
   1.6892E-02  1.5241E-02  9.4870E-03  2.6690E-03 -1.9313E-03
  -7.5247E-03 -1.3934E-02 -2.2103E-02 -3.0587E-02 -3.2048E-02
  -2.0151E-02 -8.9317E-03 -3.0755E-03  4.8734E-03  1.4388E-02
   2.2395E-02  2.7557E-02  2.6661E-02  2.1183E-02  1.5045E-02
   1.0795E-02  7.8603E-03  3.0509E-03 -1.4327E-03 -4.0821E-03
  -4.6258E-03 -7.4035E-03 -1.2498E-02 -2.0935E-02 -3.2008E-02
  -3.2041E-02 -2.0820E-02 -1.1310E-02 -8.3346E-04  9.1141E-03
   1.6556E-02  2.5096E-02  2.5218E-02  1.7525E-02  9.0151E-03
   5.6966E-03  3.9122E-03 -1.1384E-03 -3.8406E-03 -4.1180E-03
   7.3699E-04 -3.3296E-04 -3.1752E-03 -7.1194E-03 -1.8082E-02
  -3.3558E-02 -2.6567E-02 -1.1231E-02 -1.9320E-03  6.3056E-03
   1.5245E-02  2.1673E-02  2.0594E-02  1.0956E-02  6.3056E-03
   4.5428E-03 -8.8825E-04 -3.0477E-03 -1.8318E-03 -3.1765E-04
   2.2608E-03  1.2834E-03 -5.9044E-04 -1.6321E-03 -7.6001E-03
  -2.4407E-02 -2.4268E-02 -5.9980E-03  4.5533E-03  6.9976E-03
   1.5276E-02  2.0067E-02  1.5344E-02  6.9779E-03  4.1246E-03
   6.7204E-04 -3.0074E-03 -1.1878E-03  1.1938E-03  1.9364E-03
   1.5072E-03  8.5561E-04 -3.9363E-04 -1.0881E-03 -5.0667E-03
  -1.6271E-02 -1.6178E-02 -3.9987E-03  3.0355E-03  4.6651E-03
   1.0184E-02  1.3378E-02  1.0229E-02  4.6519E-03  2.7497E-03
   4.4803E-04 -2.0049E-03 -7.9187E-04  7.9585E-04  1.2909E-03
   7.5360E-04  4.2780E-04 -1.9681E-04 -5.4403E-04 -2.5334E-03
  -8.1357E-03 -8.0892E-03 -1.9993E-03  1.5178E-03  2.3325E-03
   5.0920E-03  6.6891E-03  5.1147E-03  2.3260E-03  1.3749E-03
   2.2401E-04 -1.0025E-03 -3.9593E-04  3.9793E-04  6.4546E-04
    .0000E+00   .0000E+00   .0000E+00   .0000E+00   .0000E+00
    .0000E+00   .0000E+00   .0000E+00   .0000E+00   .0000E+00
    .0000E+00   .0000E+00   .0000E+00   .0000E+00   .0000E+00
    .0000E+00   .0000E+00   .0000E+00   .0000E+00   .0000E+00
    .0000E+00   .0000E+00   .0000E+00   .0000E+00   .0000E+00
    .0000E+00   .0000E+00   .0000E+00   .0000E+00   .0000E+00
    .0000E+00   .0000E+00   .0000E+00   .0000E+00   .0000E+00
    .0000E+00   .0000E+00   .0000E+00   .0000E+00   .0000E+00
    .0000E+00   .0000E+00   .0000E+00   .0000E+00   .0000E+00
    .0000E+00   .0000E+00   .0000E+00   .0000E+00   .0000E+00
    .0000E+00   .0000E+00   .0000E+00   .0000E+00   .0000E+00
    .0000E+00   .0000E+00   .0000E+00   .0000E+00   .0000E+00
    .0000E+00   .0000E+00   .0000E+00   .0000E+00   .0000E+00
    .0000E+00   .0000E+00   .0000E+00   .0000E+00   .0000E+00
    .0000E+00   .0000E+00   .0000E+00   .0000E+00   .0000E+00
    .0000E+00   .0000E+00   .0000E+00   .0000E+00   .0000E+00
    .0000E+00   .0000E+00   .0000E+00   .0000E+00   .0000E+00
    .0000E+00   .0000E+00   .0000E+00   .0000E+00   .0000E+00
    .0000E+00   .0000E+00   .0000E+00   .0000E+00   .0000E+00
    .0000E+00   .0000E+00   .0000E+00   .0000E+00   .0000E+00
   1.5135E-02  6.3803E-03  4.8121E-04 -6.2199E-03 -1.2320E-02
  -1.7398E-02 -2.0567E-02 -2.1570E-02 -2.0274E-02 -1.6845E-02
  -1.1715E-02 -5.4161E-03  1.1738E-03  7.4327E-03  1.2799E-02
   1.6766E-02  1.8684E-02  1.8523E-02  1.5856E-02  1.2423E-02
   1.1843E-02  5.0927E-03  9.2418E-04 -4.1080E-03 -8.6231E-03
  -1.2326E-02 -1.4598E-02 -1.5296E-02 -1.4346E-02 -1.1885E-02
  -8.2773E-03 -3.9901E-03  3.9253E-04  4.5429E-03  8.1643E-03
   1.0897E-02  1.2241E-02  1.2102E-02  1.0168E-02  7.9505E-03
   1.1428E-02  5.1206E-03  1.5973E-03 -2.8372E-03 -6.8652E-03
  -1.0205E-02 -1.2291E-02 -1.2959E-02 -1.2016E-02 -9.5705E-03
  -6.1817E-03 -2.7367E-03  2.8415E-04  3.0417E-03  5.6917E-03
   7.9633E-03  9.2943E-03  9.4704E-03  8.1737E-03  6.7149E-03
   1.1857E-02  6.2595E-03  2.5007E-03 -2.1984E-03 -6.7815E-03
  -1.0661E-02 -1.3185E-02 -1.4212E-02 -1.2979E-02 -9.2081E-03
  -4.0632E-03 -4.0559E-04  9.8042E-04  2.0009E-03  4.2290E-03
   6.9859E-03  8.8765E-03  9.6426E-03  9.0375E-03  8.1651E-03
   1.1690E-02  8.4910E-03  3.7208E-03 -2.2373E-03 -8.8202E-03
  -1.4068E-02 -1.6867E-02 -1.8612E-02 -1.7897E-02 -1.1628E-02
  -5.8208E-05  6.2406E-03  2.9757E-03 -2.1255E-04  3.5186E-03
   8.7890E-03  1.0252E-02  1.1009E-02  1.2220E-02  1.2763E-02
   1.1371E-02  9.1577E-03  4.1800E-03 -3.0121E-03 -1.0575E-02
  -1.5834E-02 -1.6603E-02 -1.6050E-02 -1.7762E-02 -1.5644E-02
  -1.1659E-03  9.6536E-03  3.7966E-03 -1.0903E-03  6.3330E-03
   1.2016E-02  8.8232E-03  8.9460E-03  1.2024E-02  1.2714E-02
   1.0915E-02  9.5721E-03  4.3172E-03 -3.4758E-03 -1.0062E-02
  -1.3135E-02 -1.3116E-02 -1.3848E-02 -1.9493E-02 -2.0814E-02
  -3.8925E-03  1.0641E-02  4.2972E-03 -1.8509E-03  6.0561E-03
   1.1884E-02  8.8215E-03  9.7636E-03  1.2425E-02  1.2150E-02
   9.7479E-03  9.5749E-03  5.3706E-03 -2.0522E-03 -7.7267E-03
  -9.9558E-03 -1.0766E-02 -1.3301E-02 -2.0418E-02 -2.2790E-02
  -6.8263E-03  9.3395E-03  5.6783E-03 -2.3356E-04  4.6400E-03
   9.6299E-03  9.2226E-03  1.0107E-02  1.1029E-02  1.0251E-02
   7.8264E-03  8.2550E-03  6.0569E-03  8.4132E-04 -4.4405E-03
  -7.9679E-03 -1.0206E-02 -1.2460E-02 -1.6962E-02 -1.8041E-02
  -8.5568E-03  4.3480E-03  5.5940E-03  2.7622E-03  4.4119E-03
   6.9453E-03  7.3558E-03  7.9633E-03  8.2301E-03  7.6940E-03
   5.3754E-03  6.5127E-03  5.7960E-03  3.2676E-03 -2.6004E-04
  -5.2576E-03 -9.3278E-03 -1.1178E-02 -1.2118E-02 -1.1730E-02
  -7.9569E-03 -8.8884E-04  3.2584E-03  3.9671E-03  4.5259E-03
   5.5723E-03  5.2677E-03  5.0567E-03  4.9530E-03  4.7112E-03
   2.6190E-03  3.9890E-03  4.4270E-03  3.9716E-03  3.0768E-03
  -1.1261E-03 -7.1240E-03 -9.3865E-03 -8.3040E-03 -7.4265E-03
  -6.3214E-03 -2.5915E-03  9.9090E-04  2.6637E-03  4.1834E-03
   5.1635E-03  3.7971E-03  2.5530E-03  2.4903E-03  2.4220E-03
   5.6076E-04  1.3620E-03  2.0641E-03  3.1278E-03  5.2677E-03
   2.9268E-03 -4.4819E-03 -7.3880E-03 -5.4642E-03 -4.1187E-03
  -4.0871E-03 -2.3018E-03 -3.1923E-04  1.0582E-03  2.9861E-03
   4.1735E-03  2.3710E-03  7.7079E-04  1.0920E-03  1.1152E-03
  -2.7055E-04 -1.4006E-04 -1.2878E-04  7.6626E-04  5.0141E-03
   5.4730E-03 -1.8162E-03 -4.6681E-03 -2.4703E-03 -1.6982E-03
  -1.8913E-03 -1.1989E-03 -1.1133E-03 -8.6856E-04  1.1201E-03
   3.2121E-03  1.4100E-03 -3.7782E-04  3.4814E-04  6.0298E-04
  -3.3962E-04 -7.4439E-04 -1.2709E-03 -1.4836E-03  1.9934E-03
   5.3125E-03  1.0281E-03 -1.8400E-03  6.6840E-06  5.5401E-04
   2.6805E-04  7.4792E-05 -2.1586E-03 -2.7713E-03  9.3740E-05
   2.4012E-03  2.6227E-04 -9.8248E-04  3.6651E-04  7.5819E-04
  -3.0542E-04 -1.0811E-03 -1.6828E-03 -2.5063E-03 -1.1425E-03
   2.8618E-03  3.4949E-03  1.5142E-03  1.5168E-03  2.0924E-03
   1.9968E-03  3.0332E-04 -3.5874E-03 -4.0526E-03 -4.0880E-04
   1.3181E-03 -2.8988E-04 -5.8134E-04  7.5822E-04  9.5593E-04
  -2.0361E-04 -7.2075E-04 -1.1219E-03 -1.6709E-03 -7.6165E-04
   1.9079E-03  2.3299E-03  1.0095E-03  1.0112E-03  1.3949E-03
   1.3312E-03  2.0221E-04 -2.3916E-03 -2.7017E-03 -2.7254E-04
   8.7873E-04 -1.9325E-04 -3.8756E-04  5.0548E-04  6.3729E-04
  -1.0181E-04 -3.6037E-04 -5.6095E-04 -8.3543E-04 -3.8082E-04
   9.5393E-04  1.1650E-03  5.0473E-04  5.0561E-04  6.9745E-04
   6.6560E-04  1.0111E-04 -1.1958E-03 -1.3509E-03 -1.3627E-04
   4.3937E-04 -9.6625E-05 -1.9378E-04  2.5274E-04  3.1864E-04
    .0000E+00   .0000E+00   .0000E+00   .0000E+00   .0000E+00
    .0000E+00   .0000E+00   .0000E+00   .0000E+00   .0000E+00
    .0000E+00   .0000E+00   .0000E+00   .0000E+00   .0000E+00
    .0000E+00   .0000E+00   .0000E+00   .0000E+00   .0000E+00
    .0000E+00   .0000E+00   .0000E+00   .0000E+00   .0000E+00
    .0000E+00   .0000E+00   .0000E+00   .0000E+00   .0000E+00
    .0000E+00   .0000E+00   .0000E+00   .0000E+00   .0000E+00
    .0000E+00   .0000E+00   .0000E+00   .0000E+00   .0000E+00
    .0000E+00   .0000E+00   .0000E+00   .0000E+00   .0000E+00
    .0000E+00   .0000E+00   .0000E+00   .0000E+00   .0000E+00
    .0000E+00   .0000E+00   .0000E+00   .0000E+00   .0000E+00
    .0000E+00   .0000E+00   .0000E+00   .0000E+00   .0000E+00
    .0000E+00   .0000E+00   .0000E+00   .0000E+00   .0000E+00
    .0000E+00   .0000E+00   .0000E+00   .0000E+00   .0000E+00
    .0000E+00   .0000E+00   .0000E+00   .0000E+00   .0000E+00
    .0000E+00   .0000E+00   .0000E+00   .0000E+00   .0000E+00
    .0000E+00   .0000E+00   .0000E+00   .0000E+00   .0000E+00
    .0000E+00   .0000E+00   .0000E+00   .0000E+00   .0000E+00
    .0000E+00   .0000E+00   .0000E+00   .0000E+00   .0000E+00
    .0000E+00   .0000E+00   .0000E+00   .0000E+00   .0000E+00
